// General information: 
//  MT Manager version: 2019.2.0 
//  XDA version: 2019.2.0 build 3853 rev 94535 built on 2019-09-09
// Device information: 
//  DeviceId: 00B47783
//  ProductCode: MTW2-3A7G6
//  Firmware Version: 4.6.0
//  Hardware Version: 2.0.0
// Device settings: 
//  Filter Profile: human(46.1)
//  Option Flags: Orientation Smoother Disabled, AHS Disabled, ICC Disabled
// Coordinate system: ENU
PacketCounter	SampleTimeFine	Acc_X	Acc_Y	Acc_Z	FreeAcc_E	FreeAcc_N	FreeAcc_U	Gyr_X	Gyr_Y	Gyr_Z	Mag_X	Mag_Y	Mag_Z	VelInc_X	VelInc_Y	VelInc_Z	Quat_q0	Quat_q1	Quat_q2	Quat_q3	Roll	Pitch	Yaw
51656		9.044984	2.437781	-2.608694	-0.018315	-0.127340	-0.089353	0.102382	0.039941	0.000590	-0.783203	-0.155762	0.534424	0.090445	0.024391	-0.026093	-0.130120	-0.796062	-0.025876	-0.590495	138.507379	-68.972361	32.893567
51657		9.148972	2.527300	-2.486581	0.116510	-0.216250	-0.003830	-0.005846	0.025267	0.002679	-0.787842	-0.157715	0.539551	0.091486	0.025273	-0.024878	-0.130130	-0.795986	-0.025865	-0.590596	138.482828	-68.984033	32.916640
51658		9.145195	2.347755	-2.611268	0.016457	-0.022940	-0.016542	-0.106373	0.003293	0.004249	-0.780762	-0.154297	0.534912	0.091451	0.023466	-0.026127	-0.130347	-0.795965	-0.025575	-0.590589	138.473043	-68.988540	32.884539
51659		9.158773	2.301938	-2.584592	0.048747	0.020761	-0.021909	-0.022958	0.017595	0.004229	-0.789795	-0.161133	0.528076	0.091585	0.023018	-0.025857	-0.130421	-0.795901	-0.025503	-0.590662	138.448123	-68.997510	32.897545
51660		9.182395	2.285168	-2.381659	0.245414	0.004532	-0.058180	-0.017066	0.019559	0.003286	-0.781250	-0.160889	0.536133	0.091821	0.022851	-0.023828	-0.130374	-0.795770	-0.025455	-0.590851	138.422173	-69.023172	32.923664
51661		9.231817	2.107038	-2.534401	0.134414	0.214448	-0.013443	-0.092029	-0.008892	0.001014	-0.790527	-0.155762	0.538330	0.092319	0.021059	-0.025350	-0.130736	-0.795738	-0.025174	-0.590826	138.380322	-69.019613	32.912438
51662		9.250768	2.111582	-2.562257	0.114744	0.217980	0.012788	0.001329	0.004803	-0.002943	-0.783203	-0.159668	0.539063	0.092507	0.021115	-0.025625	-0.130581	-0.795800	-0.025236	-0.590774	138.420998	-69.016722	32.889608
51663		9.109412	2.321990	-2.590385	0.021536	-0.008610	-0.061658	0.113419	0.022350	-0.005957	-0.781494	-0.156738	0.539063	0.091092	0.023232	-0.025901	-0.130141	-0.795809	-0.025611	-0.590842	138.458229	-69.023893	32.919789
51664		9.050256	2.480185	-2.591163	-0.009490	-0.176713	-0.079175	0.074288	0.019978	-0.004000	-0.789307	-0.151855	0.528320	0.090500	0.024810	-0.025911	-0.129705	-0.795973	-0.025912	-0.590705	138.553182	-69.010832	32.885646
51665		9.040557	2.546671	-2.651832	-0.078206	-0.232295	-0.056185	-0.034116	0.010372	-0.001521	-0.779053	-0.155518	0.531494	0.090404	0.025461	-0.026527	-0.129840	-0.795923	-0.025826	-0.590747	138.522960	-69.014502	32.897574
51666		9.096409	2.503726	-2.764127	-0.167276	-0.164191	0.015779	-0.002470	0.013318	0.010346	-0.785400	-0.155762	0.531006	0.090961	0.025042	-0.027648	-0.129539	-0.795821	-0.025791	-0.590951	138.552447	-69.051280	32.890630
51667		9.129558	2.458610	-2.766604	-0.156777	-0.114908	0.036673	-0.000504	0.027730	0.018402	-0.777100	-0.164063	0.532227	0.091289	0.024594	-0.027679	-0.129479	-0.795743	-0.025736	-0.591071	138.546711	-69.070041	32.897018
51668		9.205092	2.303380	-2.710749	-0.066351	0.040775	0.055512	-0.079159	0.019334	0.021573	-0.774902	-0.156006	0.535156	0.092046	0.023033	-0.027126	-0.129839	-0.795654	-0.025401	-0.591127	138.493963	-69.078268	32.892445
51669		9.256121	2.198820	-2.790416	-0.117905	0.165809	0.099709	-0.039433	0.019536	0.016741	-0.791992	-0.162842	0.534912	0.092557	0.021990	-0.027918	-0.129940	-0.795575	-0.025232	-0.591218	138.472097	-69.092857	32.892202
51670		9.118639	2.227416	-2.751903	-0.125983	0.103138	-0.032226	0.078947	0.042303	0.012025	-0.782227	-0.153564	0.536133	0.091179	0.022291	-0.027530	-0.129580	-0.795585	-0.025463	-0.591274	138.513241	-69.102294	32.899956
51671		9.137846	2.346380	-2.619729	-0.011219	-0.034459	-0.021498	0.073941	0.043363	0.017163	-0.786865	-0.157471	0.528809	0.091371	0.023481	-0.026208	-0.129226	-0.795509	-0.025642	-0.591446	138.533209	-69.127234	32.924468
51672		9.215044	2.367751	-2.709977	-0.078499	-0.029235	0.079746	0.004465	0.027802	0.017983	-0.781494	-0.155029	0.529053	0.092145	0.023686	-0.027112	-0.128981	-0.795460	-0.025623	-0.591567	138.566656	-69.151599	32.909994
51673		9.174323	2.389718	-2.858026	-0.236409	-0.034893	0.086310	0.066973	0.044192	0.017494	-0.784912	-0.155518	0.528076	0.091735	0.023915	-0.028593	-0.128653	-0.795377	-0.025781	-0.591743	138.582289	-69.177044	32.934903
51674		9.044439	2.541471	-2.800464	-0.242842	-0.221784	-0.014964	0.106721	0.073115	0.020714	-0.779541	-0.155518	0.525635	0.090432	0.025439	-0.028024	-0.128082	-0.795201	-0.026045	-0.592092	138.600671	-69.226749	32.986142
51675		9.038577	2.531937	-2.656053	-0.111925	-0.241978	-0.061271	-0.000512	0.056875	0.027957	-0.785645	-0.156494	0.521973	0.090375	0.025332	-0.026586	-0.127989	-0.795038	-0.025970	-0.592333	138.576756	-69.261642	33.011999
51676		9.185073	2.338400	-2.658454	-0.058925	-0.026195	0.030935	-0.083975	0.043032	0.029410	-0.792725	-0.159912	0.527344	0.091842	0.023386	-0.026614	-0.128335	-0.794749	-0.025563	-0.592664	138.472554	-69.305378	33.054620
51677		9.194399	2.228762	-2.597158	0.008046	0.070296	-0.002255	-0.022338	0.056739	0.026327	-0.795898	-0.159912	0.533203	0.091934	0.022297	-0.026000	-0.128334	-0.794572	-0.025430	-0.592907	138.433968	-69.339613	33.082759
51678		9.208976	2.276092	-2.452346	0.134828	0.002344	-0.015665	0.063023	0.073955	0.022263	-0.788086	-0.153076	0.526855	0.092078	0.022779	-0.024550	-0.128147	-0.794280	-0.025561	-0.593334	138.358651	-69.389412	33.185049
51679		9.240362	2.284673	-2.342311	0.241447	-0.021327	-0.013112	0.010263	0.062811	0.022313	-0.781982	-0.160400	0.529297	0.092394	0.022858	-0.023451	-0.128028	-0.794105	-0.025545	-0.593594	138.327541	-69.424726	33.225104
51680		9.336803	2.184279	-2.283936	0.331439	0.083940	0.038527	-0.051788	0.046217	0.027744	-0.791504	-0.159180	0.526123	0.093360	0.021850	-0.022867	-0.128230	-0.793963	-0.025290	-0.593751	138.276866	-69.446810	33.238314
51681		9.368229	2.097467	-2.288813	0.340082	0.174211	0.049145	-0.052240	0.046096	0.021106	-0.789063	-0.156982	0.530029	0.093675	0.020979	-0.022915	-0.128365	-0.793797	-0.025082	-0.593953	138.225312	-69.474473	33.261929
51682		9.337674	2.139531	-2.280058	0.328865	0.126454	0.028261	0.017275	0.044977	0.027837	-0.784912	-0.155273	0.529541	0.093369	0.021410	-0.022820	-0.128321	-0.793645	-0.025036	-0.594167	138.191039	-69.502942	33.296464
51683		9.245162	2.310306	-2.258161	0.299417	-0.062607	-0.024109	0.038303	0.040917	0.020551	-0.790283	-0.153564	0.536133	0.092445	0.023117	-0.022596	-0.128099	-0.793553	-0.025096	-0.594336	138.195797	-69.528170	33.315312
51684		9.153585	2.312004	-2.150080	0.376550	-0.103939	-0.137786	-0.022387	0.028767	0.021395	-0.792236	-0.157471	0.531250	0.091530	0.023127	-0.021517	-0.128004	-0.793616	-0.025001	-0.594276	138.247039	-69.529607	33.264051
51685		9.191538	2.178410	-2.325517	0.233286	0.062113	-0.087483	-0.078225	0.004025	0.024947	-0.790771	-0.158447	0.531738	0.091912	0.021786	-0.023266	-0.128236	-0.793559	-0.024674	-0.594316	138.228018	-69.540696	33.237043
51686		9.223402	2.217212	-2.507832	0.065672	0.062856	-0.001055	0.004009	0.011077	0.018732	-0.792725	-0.154053	0.531494	0.092231	0.022181	-0.025083	-0.128250	-0.793594	-0.024627	-0.594267	138.243051	-69.536850	33.216894
51687		9.138545	2.257940	-2.476181	0.064703	-0.000497	-0.079312	0.032876	0.024122	0.021740	-0.795166	-0.154297	0.528320	0.091380	0.022593	-0.024769	-0.128049	-0.793549	-0.024655	-0.594370	138.263480	-69.555260	33.215704
51688		9.192712	2.109915	-2.370647	0.195241	0.131915	-0.090437	-0.084157	0.004886	0.016799	-0.794189	-0.165039	0.525635	0.091925	0.021097	-0.023718	-0.128201	-0.793488	-0.024373	-0.594431	138.252090	-69.569696	33.191445
51689		9.268668	1.825980	-2.496698	0.129341	0.443826	-0.052452	-0.108481	-0.025561	0.010987	-0.795166	-0.157715	0.519775	0.092689	0.018251	-0.024965	-0.128598	-0.793498	-0.023992	-0.594347	138.230133	-69.562785	33.149083
51690		9.219475	1.909057	-2.458116	0.137151	0.352846	-0.089404	0.053413	0.007794	-0.007557	-0.795166	-0.160400	0.528564	0.092195	0.019094	-0.024580	-0.128749	-0.793312	-0.024128	-0.594557	138.122483	-69.574288	33.255625
51691		9.124708	2.336601	-2.433891	0.084653	-0.084834	-0.084919	0.203466	0.021402	-0.013757	-0.787109	-0.147949	0.531250	0.091246	0.023384	-0.024325	-0.127977	-0.793379	-0.024802	-0.594607	138.202397	-69.578019	33.295203
51692		9.126724	2.620171	-2.445384	0.045968	-0.361341	-0.014238	0.119361	0.010969	-0.004952	-0.788818	-0.147461	0.521973	0.091267	0.026214	-0.024443	-0.127409	-0.793480	-0.025207	-0.594577	138.290484	-69.577656	33.287398
51693		9.117737	2.599801	-2.601112	-0.101503	-0.317539	0.013133	-0.047888	-0.009880	0.004348	-0.793701	-0.156006	0.532471	0.091178	0.025994	-0.026013	-0.127583	-0.793481	-0.025042	-0.594544	138.279328	-69.574932	33.270503
51694		9.178372	2.407192	-2.664138	-0.123370	-0.109999	0.041621	-0.069901	-0.004527	0.004679	-0.781738	-0.154541	0.533447	0.091784	0.024065	-0.026648	-0.127680	-0.793442	-0.024842	-0.594584	138.274926	-69.585323	33.250578
51695		9.201188	2.282875	-2.598290	-0.041548	0.003855	0.017000	-0.037601	0.009227	0.012261	-0.797119	-0.155518	0.527100	0.092009	0.022830	-0.025991	-0.127787	-0.793394	-0.024689	-0.594631	138.259258	-69.593816	33.244823
51696		9.304434	2.128829	-2.459914	0.138282	0.148939	0.041970	-0.061380	0.008909	0.005751	-0.793213	-0.157227	0.526123	0.093043	0.021283	-0.024610	-0.128007	-0.793415	-0.024500	-0.594564	138.249126	-69.586525	33.221084
51697		9.250573	2.053622	-2.503436	0.088249	0.219695	-0.014647	-0.040861	0.003445	0.007223	-0.785645	-0.155762	0.525391	0.092505	0.020534	-0.025040	-0.128143	-0.793382	-0.024353	-0.594585	138.231796	-69.590588	33.215111
51698		9.205253	2.241356	-2.408112	0.143140	0.013958	-0.038299	0.057205	0.012539	-0.000646	-0.791260	-0.154785	0.533203	0.092051	0.022420	-0.024080	-0.128014	-0.793361	-0.024515	-0.594635	138.228054	-69.593584	33.242993
51699		9.201621	2.306913	-2.277850	0.258536	-0.073667	-0.060354	0.028716	0.003167	-0.002919	-0.797607	-0.159912	0.523926	0.092016	0.023071	-0.022777	-0.127904	-0.793371	-0.024615	-0.594640	138.239159	-69.593653	33.249194
51700		9.217062	2.291145	-2.269391	0.272597	-0.054872	-0.051724	-0.048107	-0.016201	-0.007494	-0.792236	-0.156982	0.535645	0.092173	0.022903	-0.022692	-0.128212	-0.793356	-0.024488	-0.594599	138.192001	-69.582989	33.260230
51701		9.196126	2.225550	-2.291457	0.254116	0.009664	-0.080888	-0.046415	-0.023953	-0.000712	-0.794189	-0.152100	0.521729	0.091964	0.022250	-0.022909	-0.128398	-0.793400	-0.024338	-0.594507	138.190338	-69.572315	33.234099
51702		9.152686	2.284168	-2.378349	0.153457	-0.040721	-0.085385	0.011907	-0.014967	-0.003920	-0.791016	-0.151123	0.522949	0.091529	0.022841	-0.023775	-0.128277	-0.793446	-0.024401	-0.594468	138.220521	-69.569654	33.219044
51703		9.110370	2.405987	-2.415894	0.093500	-0.160250	-0.086962	0.026803	-0.014782	-0.005080	-0.787354	-0.157471	0.529297	0.091106	0.024061	-0.024149	-0.128184	-0.793509	-0.024492	-0.594401	138.246402	-69.561238	33.208303
51704		9.160035	2.301786	-2.499881	0.041375	-0.035748	-0.042791	-0.062125	-0.030338	0.003704	-0.794434	-0.149658	0.533691	0.091604	0.023012	-0.024992	-0.128379	-0.793547	-0.024278	-0.594317	138.249836	-69.554227	33.170965
51705		9.274134	2.185934	-2.520003	0.070249	0.103240	0.042397	-0.116122	-0.033558	0.003501	-0.789795	-0.154785	0.519287	0.092745	0.021846	-0.025197	-0.128829	-0.793575	-0.023899	-0.594198	138.222874	-69.541074	33.129230
51706		9.300205	2.071404	-2.515934	0.093960	0.217024	0.039141	-0.036055	-0.020921	-0.003912	-0.785645	-0.160645	0.520752	0.093005	0.020708	-0.025153	-0.128761	-0.793563	-0.023835	-0.594231	138.240785	-69.550615	33.111793
51707		9.272338	2.199078	-2.500793	0.087336	0.085666	0.038769	0.051035	-0.012308	-0.004175	-0.786865	-0.156982	0.531250	0.092725	0.021995	-0.024997	-0.128568	-0.793634	-0.023997	-0.594172	138.279108	-69.543666	33.102643
51708		9.191988	2.303013	-2.503538	0.052072	-0.027729	-0.011630	0.037844	-0.018208	-0.008440	-0.791504	-0.155029	0.530029	0.091923	0.023031	-0.025023	-0.128654	-0.793710	-0.024082	-0.594047	138.275782	-69.521973	33.105661
51709		9.140043	2.343950	-2.473050	0.063444	-0.082709	-0.058734	-0.013149	-0.023632	-0.001614	-0.791992	-0.159424	0.523193	0.091404	0.023437	-0.024721	-0.128710	-0.793774	-0.024036	-0.593952	138.291703	-69.511128	33.081124
51710		9.212877	2.251851	-2.644890	-0.068111	0.051819	0.032924	-0.031926	-0.026684	0.000541	-0.794434	-0.154297	0.525391	0.092132	0.022515	-0.026440	-0.128902	-0.793755	-0.023912	-0.593941	138.265270	-69.508152	33.081503
51711		9.204683	2.224252	-2.550056	0.024354	0.060753	-0.005956	-0.008447	-0.014569	-0.005851	-0.796875	-0.155273	0.529541	0.092049	0.022239	-0.025495	-0.128951	-0.793794	-0.023902	-0.593879	138.269688	-69.499590	33.072103
51712		9.251843	2.164766	-2.546980	0.045559	0.125965	0.023571	-0.029452	-0.025442	-0.004967	-0.783447	-0.157227	0.529541	0.092522	0.021642	-0.025461	-0.128944	-0.793734	-0.023859	-0.593961	138.257739	-69.511414	33.081241
51713		9.275979	1.997019	-2.572248	0.050423	0.298196	0.013648	-0.033653	-0.033105	-0.009479	-0.786865	-0.152588	0.533691	0.092765	0.019961	-0.025710	-0.129105	-0.793811	-0.023777	-0.593827	138.262439	-69.493610	33.056145
51714		9.223236	2.050212	-2.519782	0.085022	0.227238	-0.037111	0.019436	-0.015537	-0.017761	-0.789795	-0.154785	0.532715	0.092236	0.020496	-0.025189	-0.128994	-0.793999	-0.023911	-0.593594	138.326290	-69.464983	33.012175
51715		9.241766	2.139927	-2.457056	0.142101	0.133436	-0.015307	0.057631	-0.014761	-0.017500	-0.782471	-0.158447	0.534180	0.092421	0.021398	-0.024558	-0.128815	-0.794080	-0.024143	-0.593516	138.355516	-69.451923	33.016756
51716		9.230297	2.229320	-2.478092	0.116160	0.048284	0.000231	0.048613	-0.027179	-0.020491	-0.784424	-0.162842	0.527100	0.092309	0.022290	-0.024763	-0.128673	-0.794325	-0.024356	-0.593210	138.432749	-69.412284	32.968271
51717		9.189958	2.296185	-2.626158	-0.039891	0.001653	0.017007	0.078739	-0.022372	-0.018945	-0.791748	-0.154785	0.532959	0.091905	0.022963	-0.026242	-0.128415	-0.794441	-0.024652	-0.593097	138.480177	-69.395359	32.966335
51718		9.146974	2.417294	-2.665428	-0.099618	-0.115853	0.015416	0.107648	-0.010076	-0.019148	-0.796631	-0.159424	0.528564	0.091473	0.024179	-0.026637	-0.128192	-0.794536	-0.025013	-0.593004	138.505021	-69.376151	32.989432
51719		9.103346	2.413469	-2.530038	0.018981	-0.144456	-0.062016	0.020757	-0.010004	-0.017547	-0.790039	-0.158447	0.531006	0.091037	0.024129	-0.025293	-0.128159	-0.794579	-0.025139	-0.592948	138.508238	-69.365044	32.999208
51720		9.142342	2.251987	-2.501755	0.074207	0.018132	-0.070675	-0.069007	-0.029024	-0.014391	-0.788818	-0.147217	0.530762	0.091429	0.022505	-0.025012	-0.128616	-0.794518	-0.024958	-0.592939	138.425295	-69.354668	33.029350
51721		9.237176	2.183413	-2.739767	-0.113279	0.145403	0.064815	0.044506	-0.023463	-0.012741	-0.789795	-0.157959	0.527832	0.092376	0.021834	-0.027382	-0.128476	-0.794616	-0.025127	-0.592830	138.461050	-69.339633	33.018862
51722		9.150160	2.469481	-2.727035	-0.158095	-0.154877	0.046902	0.167382	0.015544	-0.011658	-0.782227	-0.149902	0.526367	0.091501	0.024712	-0.027257	-0.127623	-0.794638	-0.025726	-0.592960	138.552011	-69.359502	33.048127
51723		9.126675	2.553037	-2.526211	0.017564	-0.277198	-0.008668	0.054310	0.010473	-0.005081	-0.787354	-0.145996	0.530273	0.091266	0.025535	-0.025260	-0.127417	-0.794642	-0.025915	-0.592990	138.567942	-69.361986	33.064868
51724		9.202391	2.268567	-2.652788	-0.048966	0.029638	0.029284	-0.105423	-0.026564	0.002922	-0.793701	-0.154297	0.532227	0.092027	0.022673	-0.026528	-0.127456	-0.794667	-0.025644	-0.592960	138.604367	-69.369884	33.002990
51725		9.220405	2.112327	-2.845802	-0.209145	0.219105	0.060743	-0.026599	-0.006007	-0.004848	-0.792969	-0.149414	0.526367	0.092205	0.021117	-0.028458	-0.127572	-0.794669	-0.025582	-0.592935	138.590968	-69.365424	33.001614
51726		9.105892	2.314817	-2.733181	-0.162824	-0.022193	-0.029083	0.133349	0.037749	0.000557	-0.787109	-0.152344	0.529541	0.091054	0.023167	-0.027334	-0.126792	-0.794538	-0.026057	-0.593258	138.635874	-69.410433	33.060940
51727		9.128309	2.443005	-2.662144	-0.103761	-0.156960	0.002908	0.066730	0.024384	0.005602	-0.786865	-0.154053	0.531982	0.091279	0.024441	-0.026624	-0.126502	-0.794510	-0.026250	-0.593348	138.657293	-69.423075	33.079536
51728		9.233782	2.402702	-2.719670	-0.124015	-0.089119	0.107443	-0.073333	0.009267	0.005040	-0.783936	-0.157471	0.528320	0.092336	0.024019	-0.027210	-0.126710	-0.794461	-0.026034	-0.593379	138.630184	-69.428609	33.071721
51729		9.157563	2.304820	-2.695877	-0.115761	-0.012069	0.007056	-0.032516	0.021554	0.007246	-0.789551	-0.154541	0.533691	0.091572	0.023047	-0.026972	-0.126810	-0.794379	-0.025924	-0.593472	138.599493	-69.440652	33.085253
51730		9.138740	2.312326	-2.642807	-0.073426	-0.031064	-0.022821	0.003853	0.032756	0.011745	-0.787354	-0.151855	0.529541	0.091382	0.023129	-0.026443	-0.126842	-0.794321	-0.025892	-0.593545	138.578882	-69.449257	33.100675
51731		9.164323	2.239887	-2.547685	0.029398	0.027351	-0.040738	-0.032513	0.021555	0.007236	-0.785889	-0.159668	0.522705	0.091640	0.022398	-0.025490	-0.126941	-0.794239	-0.025782	-0.593638	138.548126	-69.461266	33.114259
51732		9.173808	2.184751	-2.461591	0.115759	0.069873	-0.067276	-0.039827	0.017972	0.003651	-0.779541	-0.156982	0.536621	0.091735	0.021844	-0.024629	-0.127206	-0.794104	-0.025616	-0.593769	138.475979	-69.473720	33.151100
51733		9.204109	2.185437	-2.376550	0.203147	0.060873	-0.061033	0.000815	0.020757	0.001541	-0.787354	-0.151611	0.526123	0.092038	0.021855	-0.023775	-0.127190	-0.794044	-0.025627	-0.593851	138.458438	-69.483223	33.170936
51734		9.183564	2.215465	-2.281223	0.286565	0.011263	-0.098375	0.011867	0.017327	-0.001807	-0.791260	-0.146240	0.535400	0.091834	0.022155	-0.022819	-0.127139	-0.794123	-0.025678	-0.593755	138.486604	-69.471752	33.151033
51735		9.204675	2.271695	-2.280884	0.285992	-0.038815	-0.065596	-0.007085	0.004773	-0.003978	-0.787598	-0.146240	0.526855	0.092047	0.022714	-0.022812	-0.127174	-0.794106	-0.025677	-0.593771	138.474544	-69.472256	33.160191
51736		9.175956	2.335532	-2.314116	0.239902	-0.106484	-0.069016	0.006627	-0.004895	-0.002650	-0.779785	-0.159180	0.528076	0.091760	0.023355	-0.023138	-0.126641	-0.794181	-0.025828	-0.593777	138.581599	-69.486754	33.109707
51737		9.148285	2.376863	-2.391625	0.154534	-0.138685	-0.065003	0.011197	-0.008117	-0.002207	-0.787354	-0.152344	0.530518	0.091484	0.023769	-0.023911	-0.126598	-0.794214	-0.025866	-0.593740	138.595364	-69.482441	33.102578
51738		9.176072	2.324876	-2.337279	0.223073	-0.090782	-0.065369	-0.034389	-0.011350	-0.001291	-0.794189	-0.157227	0.527100	0.091762	0.023244	-0.023372	-0.126852	-0.794293	-0.025732	-0.593586	138.589565	-69.461159	33.076085
51739		9.299998	2.056296	-2.388205	0.241469	0.203009	0.001706	-0.110698	-0.031427	-0.002286	-0.792969	-0.151611	0.531738	0.093004	0.020549	-0.023879	-0.127297	-0.794318	-0.025394	-0.593472	138.556975	-69.446761	33.043854
51740		9.316660	1.922941	-2.539272	0.116994	0.362487	0.026046	-0.051503	-0.033932	-0.006192	-0.790771	-0.157715	0.531006	0.093172	0.019220	-0.025382	-0.127445	-0.794312	-0.025269	-0.593455	138.542899	-69.444870	33.035306
51741		9.205535	2.124389	-2.509918	0.092388	0.141470	-0.038945	0.101557	-0.006179	-0.014596	-0.795898	-0.157715	0.526611	0.092058	0.021250	-0.025086	-0.127080	-0.794395	-0.025625	-0.593406	138.592253	-69.436690	33.045452
51742		9.143508	2.328209	-2.427086	0.130277	-0.081411	-0.071464	0.092404	-0.013921	-0.018713	-0.786865	-0.152832	0.527100	0.091439	0.023285	-0.024254	-0.126865	-0.794392	-0.025946	-0.593442	138.589813	-69.433991	33.092064
51743		9.314998	2.307513	-2.441679	0.172444	-0.025196	0.088082	-0.056706	-0.040343	-0.017565	-0.791260	-0.147705	0.538086	0.093157	0.023060	-0.024405	-0.127142	-0.794475	-0.025823	-0.593277	138.579458	-69.410032	33.069108
51744		9.363740	2.205649	-2.526835	0.121561	0.095870	0.132434	-0.052540	-0.046474	-0.014720	-0.786621	-0.146973	0.523926	0.093645	0.022043	-0.025252	-0.127092	-0.794627	-0.025785	-0.593086	138.642787	-69.391897	33.006461
51745		9.336692	2.078959	-2.519311	0.137534	0.213265	0.075610	0.005584	-0.017414	-0.011231	-0.778076	-0.155273	0.531494	0.093370	0.020785	-0.025184	-0.127099	-0.794682	-0.025836	-0.593008	138.652341	-69.380207	33.000421
51746		9.347731	2.277721	-2.512337	0.128275	0.020358	0.130303	0.026603	-0.021463	-0.018552	-0.784424	-0.158203	0.525635	0.093482	0.022772	-0.025110	-0.126881	-0.794781	-0.025993	-0.592915	138.704929	-69.370659	32.978680
51747		9.160336	2.504072	-2.636775	-0.066428	-0.214948	0.040439	0.151744	-0.008136	-0.003017	-0.791016	-0.154053	0.531738	0.091605	0.025059	-0.026345	-0.126282	-0.794903	-0.026451	-0.592860	138.798348	-69.366081	32.972547
51748		9.000251	2.526260	-2.849213	-0.316427	-0.233176	-0.047954	0.061518	-0.012765	-0.001626	-0.788818	-0.156006	0.530273	0.090005	0.025271	-0.028479	-0.126128	-0.794918	-0.026596	-0.592865	138.813430	-69.365876	32.982091
51749		8.849060	2.409210	-3.068952	-0.555550	-0.112162	-0.158289	-0.050590	-0.017127	-0.000243	-0.784912	-0.158447	0.529297	0.088493	0.024084	-0.030688	-0.126326	-0.794939	-0.026438	-0.592803	138.803010	-69.358480	32.963021
51750		9.064853	2.330671	-2.995533	-0.414209	-0.004113	0.005929	-0.013814	-0.003000	0.001807	-0.784668	-0.154297	0.528809	0.090649	0.023305	-0.029956	-0.126548	-0.794901	-0.026334	-0.592811	138.761840	-69.355609	32.977277
51751		9.196056	2.282669	-2.912391	-0.291948	0.052956	0.095491	-0.000450	0.012423	0.010378	-0.786865	-0.156006	0.534180	0.091958	0.022831	-0.029130	-0.126511	-0.794867	-0.026301	-0.592866	138.762581	-69.364957	32.976944
51752		9.207014	2.290205	-2.777878	-0.162829	0.024441	0.071828	0.027439	0.026015	0.003208	-0.785645	-0.158691	0.522949	0.092066	0.022907	-0.027788	-0.126421	-0.794828	-0.026377	-0.592934	138.757246	-69.372705	32.996049
51753		9.146960	2.482157	-2.712783	-0.141054	-0.185388	0.042915	0.096260	0.033415	-0.002270	-0.784424	-0.148926	0.533203	0.091465	0.024834	-0.027131	-0.126035	-0.794791	-0.026694	-0.593052	138.777851	-69.386309	33.033691
51754		9.082617	2.589835	-2.659929	-0.124166	-0.312954	-0.006412	0.057335	0.037443	0.011455	-0.787354	-0.153564	0.533691	0.090820	0.025911	-0.026609	-0.125792	-0.794688	-0.026821	-0.593235	138.775001	-69.410834	33.067427
51755		9.069609	2.435529	-2.578820	-0.037526	-0.180826	-0.075859	-0.060914	0.022792	0.014153	-0.790283	-0.156738	0.529297	0.090691	0.024354	-0.025806	-0.125983	-0.794586	-0.026600	-0.593342	138.734969	-69.426072	33.073632
51756		9.107069	2.253061	-2.507925	0.056963	-0.007499	-0.101798	-0.077656	0.018435	0.014832	-0.795898	-0.148682	0.533691	0.091067	0.022528	-0.025096	-0.126305	-0.794482	-0.026314	-0.593425	138.677907	-69.436481	33.080604
51757		9.234711	2.110288	-2.456333	0.156109	0.146100	-0.028973	0.001191	0.022412	0.014483	-0.793701	-0.153076	0.536377	0.092343	0.021110	-0.024574	-0.126248	-0.794420	-0.026275	-0.593522	138.674127	-69.451670	33.086081
51758		9.273931	2.201246	-2.418574	0.191546	0.054828	0.018950	0.040796	0.027240	0.008580	-0.790771	-0.155762	0.523926	0.092735	0.022021	-0.024194	-0.125775	-0.794382	-0.026488	-0.593664	138.724925	-69.476424	33.092282
51759		9.193089	2.250757	-2.445520	0.134964	-0.005788	-0.038174	0.056094	0.030720	0.006544	-0.791016	-0.157715	0.532227	0.091926	0.022517	-0.024463	-0.125522	-0.794329	-0.026649	-0.593781	138.735214	-69.492215	33.116376
51760		9.155984	2.318215	-2.315720	0.236008	-0.099102	-0.091411	0.011706	0.020384	0.010816	-0.787842	-0.155518	0.529541	0.091556	0.023188	-0.023165	-0.125618	-0.794197	-0.026604	-0.593939	138.680307	-69.508680	33.159830
51761		9.186314	2.231813	-2.324482	0.244418	-0.008859	-0.080639	-0.045740	-0.000555	0.012007	-0.789551	-0.152344	0.530518	0.091862	0.022318	-0.023250	-0.125758	-0.794173	-0.026422	-0.593950	138.670000	-69.513082	33.143583
51762		9.236638	2.213216	-2.312946	0.271710	0.017286	-0.040819	-0.023794	-0.002356	0.005748	-0.784668	-0.150635	0.523682	0.092366	0.022132	-0.023131	-0.125868	-0.794171	-0.026321	-0.593934	138.661649	-69.511692	33.134570
51763		9.194558	2.334464	-2.349272	0.212000	-0.102413	-0.042669	0.019952	-0.003284	0.004302	-0.793457	-0.155762	0.534668	0.091945	0.023349	-0.023489	-0.125770	-0.794195	-0.026363	-0.593920	138.682860	-69.511999	33.124851
51764		9.186812	2.453249	-2.384120	0.164035	-0.213737	-0.013331	0.003201	-0.007632	0.004982	-0.789551	-0.145020	0.534180	0.091868	0.024535	-0.023837	-0.125735	-0.794206	-0.026352	-0.593914	138.694446	-69.513152	33.115297
51765		9.118467	2.360116	-2.503516	0.041311	-0.116790	-0.067492	-0.068827	-0.023943	0.012837	-0.785645	-0.157715	0.534180	0.091186	0.023598	-0.025032	-0.125967	-0.794237	-0.026083	-0.593835	138.695519	-69.507799	33.072774
51766		9.140307	2.308238	-2.640959	-0.073598	-0.040313	-0.022856	-0.079852	-0.020892	0.014594	-0.789551	-0.153564	0.528564	0.091404	0.023079	-0.026409	-0.126107	-0.794355	-0.025827	-0.593658	138.740871	-69.494227	32.994536
51767		9.151435	2.208796	-2.644019	-0.062677	0.058979	-0.034602	-0.061951	-0.005925	0.014560	-0.784912	-0.148438	0.539063	0.091514	0.022086	-0.026444	-0.126304	-0.794337	-0.025582	-0.593651	138.729749	-69.497249	32.969263
51768		9.172424	2.178707	-2.737411	-0.139407	0.105848	0.002756	-0.062630	-0.016428	0.020524	-0.777588	-0.149658	0.531006	0.091724	0.021788	-0.027373	-0.126320	-0.794447	-0.025366	-0.593510	138.790906	-69.490823	32.888858
51769		9.199669	2.198670	-2.884115	-0.272785	0.116437	0.071554	-0.011858	-0.002763	0.006601	-0.792969	-0.148193	0.525635	0.091996	0.021988	-0.028841	-0.126341	-0.794450	-0.025304	-0.593504	138.796264	-69.492177	32.876667
51770		9.200082	2.283848	-2.790601	-0.193680	0.014305	0.066949	0.033234	0.015655	0.007011	-0.795410	-0.152100	0.534912	0.091998	0.022846	-0.027909	-0.125965	-0.794442	-0.025434	-0.593588	138.849288	-69.510448	32.865650
51771		9.255664	2.200119	-2.636044	-0.022860	0.078645	0.058983	-0.045543	0.008939	0.016349	-0.793457	-0.162842	0.519775	0.092554	0.022003	-0.026370	-0.126089	-0.794391	-0.025241	-0.593639	138.834909	-69.520542	32.853973
51772		9.264263	2.069596	-2.622535	0.001150	0.206981	0.033360	-0.065555	-0.001186	0.011983	-0.791016	-0.154541	0.531250	0.092642	0.020693	-0.026232	-0.126490	-0.794217	-0.024952	-0.593799	138.740315	-69.536991	32.891889
51773		9.182599	2.217814	-2.534727	0.042900	0.032704	-0.032056	0.046905	0.023324	0.004107	-0.786377	-0.154541	0.538818	0.091823	0.022186	-0.025353	-0.126281	-0.794179	-0.025091	-0.593888	138.749992	-69.548693	32.911034
51774		9.150130	2.428810	-2.616850	-0.065330	-0.166525	0.007695	0.123250	0.026380	0.010904	-0.790039	-0.150391	0.528564	0.091497	0.024309	-0.026166	-0.125734	-0.794282	-0.025460	-0.593851	138.839241	-69.548426	32.897395
51775		9.129491	2.528029	-2.724626	-0.185254	-0.251755	0.039441	0.055796	0.023839	0.013313	-0.794922	-0.145752	0.539551	0.091290	0.025294	-0.027250	-0.125463	-0.794250	-0.025589	-0.593946	138.864269	-69.563794	32.905596
51776		9.115325	2.384506	-2.622692	-0.078318	-0.137681	-0.033708	-0.063865	0.022627	0.017720	-0.790283	-0.152588	0.525879	0.091148	0.023845	-0.026245	-0.125348	-0.794196	-0.025456	-0.594048	138.887655	-69.586365	32.881032
51777		9.276989	2.006404	-2.530847	0.093514	0.244139	0.006937	-0.132671	0.015301	0.023060	-0.791504	-0.155273	0.527344	0.092766	0.020058	-0.025329	-0.125797	-0.794072	-0.024981	-0.594139	138.824794	-69.601738	32.867851
51778		9.302191	1.848708	-2.528416	0.114811	0.402815	-0.006264	-0.051345	0.020046	0.015713	-0.793213	-0.159424	0.532227	0.093018	0.018488	-0.025298	-0.126018	-0.793908	-0.024755	-0.594320	138.759887	-69.624740	32.896102
51779		9.184510	2.103509	-2.578307	0.002655	0.140490	-0.044991	0.166861	0.046646	0.001042	-0.785889	-0.152100	0.524902	0.091839	0.021057	-0.025787	-0.125339	-0.793876	-0.025277	-0.594484	138.811096	-69.645337	32.944296
51780		9.127613	2.421073	-2.414195	0.105650	-0.207457	-0.068507	0.148886	0.050549	0.003069	-0.792969	-0.145264	0.538330	0.091270	0.024230	-0.024147	-0.124879	-0.793809	-0.025700	-0.594652	138.821989	-69.662602	33.006553
51781		9.226254	2.426108	-2.304245	0.236869	-0.214176	-0.003644	-0.016219	0.009214	0.007325	-0.795898	-0.153564	0.530518	0.092261	0.024263	-0.023049	-0.124913	-0.793775	-0.025630	-0.594694	138.813608	-69.669423	33.006390
51782		9.173844	2.169907	-2.282080	0.270235	0.018744	-0.117203	-0.085645	0.006477	0.004883	-0.795166	-0.146973	0.528320	0.091737	0.021692	-0.022833	-0.125031	-0.793765	-0.025453	-0.594690	138.811652	-69.672754	32.984027
51783		9.228591	2.001934	-2.219909	0.361914	0.182231	-0.120503	-0.031432	0.004223	0.003008	-0.791016	-0.149902	0.534180	0.092285	0.020017	-0.022204	-0.125139	-0.793735	-0.025351	-0.594712	138.794723	-69.675791	32.983721
51784		9.309201	2.119889	-2.278375	0.317798	0.090398	-0.002643	0.052373	-0.006786	-0.003960	-0.794678	-0.154785	0.527588	0.093093	0.021203	-0.022775	-0.124710	-0.793814	-0.025605	-0.594686	138.869666	-69.677622	32.965114
51785		9.203150	2.328841	-2.308035	0.237821	-0.128082	-0.046648	0.086349	0.004021	-0.010864	-0.798828	-0.147461	0.536133	0.092032	0.023293	-0.023072	-0.124391	-0.793857	-0.025908	-0.594682	138.904372	-69.675359	32.981752
51786		9.129356	2.335883	-2.232629	0.287740	-0.162642	-0.134006	-0.014540	-0.011076	-0.002865	-0.795166	-0.149414	0.531250	0.091295	0.023356	-0.022323	-0.124348	-0.793862	-0.025933	-0.594684	138.911052	-69.676029	32.980719
51787		9.173804	2.220890	-2.530134	0.032070	0.007602	-0.040711	-0.069130	-0.044403	-0.002248	-0.796631	-0.150635	0.524414	0.091744	0.022199	-0.025289	-0.124627	-0.793952	-0.025711	-0.594514	138.915939	-69.656116	32.934172
51788		9.195169	2.255736	-2.576338	-0.009911	-0.014640	-0.000619	0.008977	-0.016330	-0.005034	-0.795898	-0.149658	0.525635	0.091954	0.022556	-0.025755	-0.124496	-0.793921	-0.025785	-0.594580	138.921189	-69.665318	32.945937
51789		9.195420	2.330685	-2.506392	0.050042	-0.099242	-0.001597	0.013144	-0.007899	0.002615	-0.789063	-0.158936	0.526855	0.091955	0.023310	-0.025059	-0.124429	-0.793955	-0.025810	-0.594548	138.941763	-69.663041	32.932953
51790		9.237026	2.356614	-2.602121	-0.032763	-0.098668	0.068431	-0.039309	-0.029483	0.000190	-0.786621	-0.154785	0.522705	0.092374	0.023561	-0.026012	-0.124728	-0.793930	-0.025623	-0.594527	138.900568	-69.657758	32.933982
51791		9.157790	2.353701	-2.740500	-0.185678	-0.086842	0.029738	-0.025926	-0.012063	-0.003433	-0.788818	-0.154297	0.532471	0.091580	0.023532	-0.027403	-0.124835	-0.793950	-0.025554	-0.594480	138.895823	-69.651425	32.924096
51792		9.111758	2.466759	-2.717849	-0.189511	-0.207207	0.006523	0.019306	-0.000004	0.011913	-0.794434	-0.149658	0.529541	0.091116	0.024676	-0.027176	-0.124881	-0.793952	-0.025507	-0.594469	138.893929	-69.650688	32.918292
51793		9.186562	2.375250	-2.614334	-0.059840	-0.122779	0.028594	-0.077316	-0.008201	0.021270	-0.790039	-0.144531	0.535400	0.091864	0.023752	-0.026149	-0.125118	-0.793933	-0.025189	-0.594459	138.884509	-69.655316	32.881960
51794		9.229029	2.156722	-2.692448	-0.097998	0.107076	0.038944	-0.119659	-0.019789	0.023961	-0.793457	-0.160400	0.528809	0.092290	0.021562	-0.026928	-0.125229	-0.793959	-0.024843	-0.594416	138.918493	-69.662404	32.810430
51795		9.295506	2.110461	-2.694234	-0.075510	0.164618	0.091179	-0.001991	-0.001501	0.010550	-0.789551	-0.155518	0.533447	0.092954	0.021109	-0.026942	-0.125197	-0.793965	-0.024796	-0.594416	138.933089	-69.665898	32.794571
51796		9.190418	2.160004	-2.613407	-0.034614	0.084661	-0.017232	0.045288	0.010896	0.010620	-0.791016	-0.155762	0.530029	0.091902	0.021611	-0.026134	-0.125215	-0.793961	-0.024843	-0.594416	138.921842	-69.662991	32.808266
51797		9.165680	2.180356	-2.460535	0.100919	0.033116	-0.075819	-0.013877	-0.001839	0.006520	-0.796631	-0.156494	0.521484	0.091656	0.021805	-0.024606	-0.125243	-0.793960	-0.024776	-0.594414	138.925180	-69.664793	32.797101
51798		9.213992	2.108414	-2.477785	0.103168	0.116799	-0.042417	-0.010249	-0.006955	0.007494	-0.796387	-0.155518	0.535156	0.092140	0.021086	-0.024776	-0.125450	-0.793857	-0.024654	-0.594513	138.868170	-69.673934	32.826980
51799		9.330593	2.128933	-2.376279	0.231817	0.101086	0.045054	0.024824	0.000292	-0.001958	-0.792236	-0.148682	0.533691	0.093306	0.021291	-0.023760	-0.125350	-0.793873	-0.024737	-0.594510	138.881478	-69.673487	32.828792
51800		9.267187	2.205243	-2.390345	0.193260	0.016182	0.006681	0.044109	0.002684	-0.000667	-0.787354	-0.152588	0.531982	0.092672	0.022057	-0.023900	-0.125087	-0.793931	-0.024931	-0.594479	138.925236	-69.671020	32.822709
51801		9.228349	2.356454	-2.443113	0.116509	-0.130139	0.018568	0.062756	-0.006565	0.001844	-0.783691	-0.153564	0.527100	0.092284	0.023573	-0.024421	-0.124826	-0.793991	-0.025108	-0.594446	138.971724	-69.669032	32.812327
51802		9.144348	2.365237	-2.479160	0.059633	-0.148760	-0.048774	0.023871	-0.001217	0.000150	-0.791992	-0.150635	0.533936	0.091444	0.023655	-0.024788	-0.124828	-0.794058	-0.025138	-0.594356	138.988418	-69.657149	32.797817
51803		9.082817	2.250335	-2.449820	0.082460	-0.054146	-0.140383	-0.045312	-0.012543	0.003185	-0.792480	-0.149170	0.524170	0.090829	0.022499	-0.024498	-0.124993	-0.794069	-0.024984	-0.594313	138.980602	-69.653052	32.779296
51804		9.226581	2.047917	-2.479752	0.117567	0.174172	-0.043922	-0.067729	-0.025403	-0.001997	-0.788330	-0.148926	0.529785	0.092269	0.020470	-0.024793	-0.125176	-0.794066	-0.024815	-0.594285	138.967081	-69.650697	32.763675
51805		9.254530	1.985186	-2.447805	0.164377	0.235395	-0.040451	0.011341	-0.013198	-0.002656	-0.791748	-0.149414	0.529297	0.092547	0.019852	-0.024471	-0.125133	-0.794114	-0.024852	-0.594229	138.985582	-69.644143	32.751722
51806		9.242108	2.106843	-2.402739	0.191862	0.105497	-0.036156	0.082750	-0.008989	-0.010816	-0.786133	-0.143311	0.522949	0.092423	0.021073	-0.024015	-0.124704	-0.794187	-0.025183	-0.594207	139.047982	-69.642772	32.752006
51807		9.245250	2.212261	-2.349391	0.234537	-0.005598	-0.023237	0.042727	-0.014645	-0.014738	-0.786377	-0.151855	0.529785	0.092456	0.022121	-0.023482	-0.124573	-0.794257	-0.025361	-0.594134	139.071850	-69.631063	32.753534
51808		9.249333	2.052365	-2.324181	0.278797	0.145274	-0.062541	-0.035992	-0.037754	-0.018094	-0.783203	-0.148193	0.529541	0.092500	0.020511	-0.023228	-0.124651	-0.794323	-0.025327	-0.594029	139.082529	-69.617578	32.733406
51809		9.387851	2.001088	-2.406029	0.250593	0.236470	0.077022	-0.023561	-0.038810	-0.013778	-0.792480	-0.147217	0.530273	0.093885	0.020002	-0.024044	-0.124783	-0.794424	-0.025289	-0.593869	139.093945	-69.595788	32.707725
51810		9.254160	2.327949	-2.442582	0.145373	-0.100822	0.035853	0.127719	-0.015786	-0.024377	-0.789551	-0.151855	0.533691	0.092546	0.023284	-0.024404	-0.124176	-0.794557	-0.025812	-0.593796	139.184129	-69.586269	32.710687
51811		9.131492	2.553196	-2.483747	0.050878	-0.336786	-0.016977	0.122340	-0.018377	-0.020010	-0.786865	-0.152344	0.529541	0.091320	0.025538	-0.024813	-0.123744	-0.794686	-0.026245	-0.593694	139.251236	-69.571005	32.714809
51812		9.122685	2.489571	-2.729234	-0.173723	-0.235210	0.025227	-0.055569	-0.047396	-0.014156	-0.788818	-0.152344	0.533691	0.091235	0.024882	-0.027278	-0.124063	-0.794800	-0.026094	-0.593482	139.245339	-69.541208	32.681461
51813		9.013929	2.453734	-3.016629	-0.471916	-0.171370	-0.008622	-0.028339	-0.029392	-0.008987	-0.791504	-0.140137	0.542236	0.090145	0.024529	-0.030157	-0.124198	-0.794870	-0.026029	-0.593362	139.249946	-69.525277	32.660136
51814		8.999086	2.534259	-2.977119	-0.443301	-0.262353	-0.014529	0.051857	0.009190	0.000403	-0.785645	-0.149414	0.535645	0.089989	0.025350	-0.029769	-0.123684	-0.794967	-0.026324	-0.593327	139.341194	-69.527297	32.635711
51815		9.126965	2.369131	-2.971163	-0.383295	-0.079644	0.066018	-0.053315	0.004891	0.004616	-0.792480	-0.146484	0.530273	0.091268	0.023685	-0.029720	-0.123874	-0.794921	-0.026153	-0.593356	139.313129	-69.531327	32.634041
51816		9.198810	2.260651	-2.828061	-0.217011	0.015292	0.070594	-0.118061	0.009934	0.013411	-0.787598	-0.153076	0.525879	0.091985	0.022596	-0.028299	-0.124143	-0.794835	-0.025821	-0.593430	139.277743	-69.544982	32.619963
51817		9.316474	2.185134	-2.838916	-0.186925	0.113034	0.166453	0.001584	0.011505	0.010443	-0.790039	-0.148926	0.536865	0.093162	0.021856	-0.028394	-0.124096	-0.794805	-0.025793	-0.593482	139.281341	-69.554072	32.618100
51818		9.175232	2.292051	-2.649270	-0.062350	-0.050715	0.008236	0.058100	0.045450	0.016156	-0.798340	-0.141357	0.531006	0.091744	0.022936	-0.026507	-0.123785	-0.794701	-0.025945	-0.593679	139.288708	-69.581862	32.649272
51819		9.203315	2.260034	-2.548541	0.042299	-0.032849	0.000618	-0.039114	0.009905	0.017320	-0.788818	-0.146973	0.530762	0.092030	0.022603	-0.025494	-0.123878	-0.794651	-0.025767	-0.593734	139.278624	-69.592831	32.637132
51820		9.227061	2.123837	-2.504240	0.102126	0.092406	-0.019751	-0.050824	0.004109	0.011276	-0.784180	-0.155518	0.529785	0.092269	0.021237	-0.025050	-0.123707	-0.794566	-0.025702	-0.593886	139.294178	-69.620160	32.630706
51821		9.226722	2.048405	-2.574251	0.042081	0.176649	-0.018702	-0.008363	0.011764	0.012818	-0.794922	-0.153564	0.527344	0.092264	0.020489	-0.025749	-0.123691	-0.794529	-0.025636	-0.593942	139.294688	-69.630302	32.626127
51822		9.201684	2.141368	-2.622043	-0.023142	0.090757	-0.008464	0.042643	0.017147	0.005899	-0.787109	-0.147461	0.532959	0.092014	0.021422	-0.026224	-0.123684	-0.794454	-0.025675	-0.594043	139.266528	-69.640339	32.658285
51823		9.068805	2.340697	-2.480133	0.050199	-0.152432	-0.125201	0.061530	0.033223	0.002174	-0.789063	-0.153809	0.531006	0.090684	0.023416	-0.024809	-0.123420	-0.794395	-0.025872	-0.594168	139.272892	-69.655819	32.690141
51824		9.100928	2.306754	-2.461004	0.080696	-0.117572	-0.107832	-0.007893	0.013534	0.005650	-0.792725	-0.147217	0.535645	0.091007	0.023069	-0.024617	-0.123424	-0.794383	-0.025850	-0.594184	139.271124	-69.658572	32.689763
51825		9.175790	2.276949	-2.580035	-0.008615	-0.055299	-0.013041	-0.015131	0.006416	0.007952	-0.791016	-0.150879	0.534180	0.091756	0.022771	-0.025805	-0.123451	-0.794357	-0.025779	-0.594216	139.267367	-69.664561	32.685566
51826		9.150926	2.309315	-2.403927	0.147724	-0.121960	-0.075411	0.014986	0.028541	0.005229	-0.795410	-0.148682	0.527588	0.091505	0.023097	-0.024051	-0.123241	-0.794328	-0.025905	-0.594293	139.282186	-69.675692	32.698627
51827		9.222480	2.198851	-2.261585	0.313713	-0.025163	-0.070778	-0.058171	0.000933	0.009248	-0.788574	-0.142334	0.526611	0.092224	0.021986	-0.022623	-0.123435	-0.794292	-0.025698	-0.594309	139.260890	-69.679776	32.686857
51828		9.295398	1.959183	-2.300458	0.320427	0.226296	-0.046366	-0.096205	-0.020199	0.000603	-0.788574	-0.149902	0.536621	0.092956	0.019581	-0.023005	-0.123624	-0.794227	-0.025456	-0.594368	139.235893	-69.690508	32.676427
51829		9.191738	1.967556	-2.307180	0.283802	0.201220	-0.139974	0.000967	-0.013813	-0.010075	-0.793213	-0.150635	0.527588	0.091920	0.019671	-0.023065	-0.123642	-0.794269	-0.025493	-0.594306	139.240748	-69.681009	32.672942
51830		9.230151	2.146233	-2.179593	0.399487	0.013874	-0.097089	0.054972	-0.010251	-0.008395	-0.787842	-0.146973	0.536377	0.092304	0.021464	-0.021785	-0.123388	-0.794347	-0.025728	-0.594245	139.283487	-69.672684	32.670524
51831		9.312168	2.220285	-2.327453	0.277868	-0.018111	0.035442	-0.007807	-0.035224	-0.009177	-0.799072	-0.147461	0.531494	0.093127	0.022198	-0.023259	-0.123441	-0.794447	-0.025722	-0.594100	139.305945	-69.654217	32.642913
51832		9.248489	2.190119	-2.480455	0.120452	0.023267	0.009165	-0.027127	-0.036860	-0.007295	-0.788330	-0.148926	0.527344	0.092490	0.021894	-0.024790	-0.123352	-0.794552	-0.025767	-0.593975	139.351014	-69.641230	32.608747
51833		9.119171	2.281225	-2.559757	0.000751	-0.075427	-0.070514	0.009901	-0.029386	-0.011976	-0.787109	-0.159424	0.528076	0.091197	0.022808	-0.025583	-0.123342	-0.794646	-0.025827	-0.593850	139.374440	-69.624258	32.590958
51834		9.117074	2.304417	-2.519120	0.038084	-0.102273	-0.077933	-0.014781	-0.034371	-0.008856	-0.791748	-0.148438	0.531982	0.091176	0.023038	-0.025177	-0.123628	-0.794690	-0.025702	-0.593737	139.349244	-69.606008	32.581915
51835		9.170000	2.295762	-2.570183	0.009178	-0.074333	-0.016787	-0.048814	-0.041637	-0.007800	-0.781494	-0.145508	0.535156	0.091706	0.022948	-0.025688	-0.123841	-0.794784	-0.025564	-0.593573	139.356083	-69.585269	32.545890
51836		9.240509	2.323547	-2.584614	0.018019	-0.086397	0.059411	-0.020677	-0.036318	-0.007936	-0.787109	-0.150146	0.529053	0.092411	0.023229	-0.025832	-0.123754	-0.794934	-0.025603	-0.593388	139.415454	-69.565470	32.496625
51837		9.193757	2.340387	-2.679073	-0.084045	-0.095576	0.044483	0.012370	-0.029799	-0.003728	-0.783691	-0.153809	0.534180	0.091942	0.023404	-0.026776	-0.123710	-0.795031	-0.025638	-0.593266	139.450221	-69.551379	32.468236
51838		9.191512	2.373808	-2.616255	-0.025442	-0.138376	0.033319	-0.016118	-0.024227	0.000470	-0.777344	-0.150635	0.528809	0.091918	0.023736	-0.026153	-0.123823	-0.795110	-0.025555	-0.593141	139.464195	-69.536466	32.437882
51839		9.187947	2.246971	-2.717413	-0.107054	0.001243	0.028051	-0.071871	-0.035515	0.004206	-0.786621	-0.151123	0.535645	0.091884	0.022462	-0.027166	-0.124091	-0.795173	-0.025305	-0.593011	139.465585	-69.522825	32.393586
51840		9.194379	2.139914	-2.663196	-0.039087	0.098366	-0.004668	-0.059439	-0.019976	0.001121	-0.783203	-0.155518	0.529053	0.091946	0.021392	-0.026629	-0.124335	-0.795248	-0.025103	-0.592867	139.468917	-69.506179	32.353245
51841		9.247849	2.130533	-2.712844	-0.067970	0.126280	0.056499	0.000629	-0.019892	-0.000233	-0.786133	-0.151855	0.532715	0.092481	0.021305	-0.027119	-0.124326	-0.795309	-0.025096	-0.592787	139.491080	-69.497667	32.331112
51842		9.193852	2.129490	-2.687916	-0.058407	0.113769	-0.000950	0.021272	-0.013072	-0.003500	-0.784180	-0.149658	0.529053	0.091941	0.021296	-0.026871	-0.124359	-0.795355	-0.025115	-0.592718	139.496335	-69.487479	32.324512
51843		9.210281	2.187657	-2.608967	0.016473	0.046751	0.006650	0.012643	-0.007260	-0.000895	-0.781006	-0.152832	0.533936	0.092104	0.021878	-0.026085	-0.124303	-0.795386	-0.025153	-0.592686	139.511986	-69.484214	32.316661
51844		9.216697	2.226761	-2.684640	-0.055809	0.022489	0.041735	0.022602	-0.007896	-0.004863	-0.788818	-0.152100	0.530273	0.092169	0.022268	-0.026840	-0.124245	-0.795446	-0.025216	-0.592615	139.533738	-69.475298	32.304746
51845		9.155355	2.344982	-2.692617	-0.093117	-0.102863	0.013319	0.043198	0.000059	-0.003393	-0.793457	-0.150146	0.528076	0.091554	0.023454	-0.026921	-0.124073	-0.795474	-0.025359	-0.592607	139.556721	-69.474285	32.307759
51846		9.126155	2.419211	-2.704467	-0.123644	-0.178811	0.005977	0.014367	0.001204	-0.003090	-0.779053	-0.152100	0.534424	0.091262	0.024193	-0.027043	-0.124012	-0.795380	-0.025414	-0.592745	139.531652	-69.489975	32.342647
51847		9.102700	2.321943	-2.709753	-0.125416	-0.087797	-0.036702	-0.038203	-0.000757	-0.000172	-0.786621	-0.158691	0.536621	0.091027	0.023214	-0.027102	-0.124154	-0.795360	-0.025303	-0.592746	139.512493	-69.489839	32.340860
51848		9.179151	2.199202	-2.671221	-0.051512	0.042204	-0.003290	-0.064082	0.001360	-0.000342	-0.790283	-0.152100	0.531982	0.091791	0.021983	-0.026720	-0.124571	-0.795385	-0.025060	-0.592635	139.471740	-69.472287	32.326922
51849		9.264277	2.031881	-2.527409	0.127007	0.197516	-0.000042	-0.048794	0.004831	-0.002384	-0.778809	-0.156250	0.536133	0.092642	0.020312	-0.025281	-0.124762	-0.795342	-0.024930	-0.592658	139.438373	-69.473720	32.333795
51850		9.255201	1.952115	-2.458086	0.199233	0.263643	-0.045268	-0.000178	0.006734	-0.013327	-0.782715	-0.154785	0.528076	0.092552	0.019515	-0.024584	-0.124885	-0.795356	-0.024958	-0.592613	139.414718	-69.462433	32.349430
51851		9.292761	2.067757	-2.378006	0.273740	0.146474	-0.005060	0.047374	0.011063	-0.026446	-0.788574	-0.154785	0.532471	0.092929	0.020671	-0.023780	-0.124764	-0.795351	-0.025212	-0.592634	139.402305	-69.457585	32.392753
51852		9.228859	2.146170	-2.391045	0.233420	0.063557	-0.043529	0.035059	0.008184	-0.026464	-0.792969	-0.155518	0.537109	0.092290	0.021454	-0.023910	-0.124824	-0.795315	-0.025373	-0.592663	139.357431	-69.451058	32.445834
51853		9.257936	2.295625	-2.438731	0.181500	-0.066358	0.030551	0.031439	-0.003301	-0.020046	-0.788086	-0.156006	0.540283	0.092582	0.022951	-0.024382	-0.124750	-0.795344	-0.025545	-0.592632	139.357586	-69.442339	32.465964
51854		9.065188	2.463203	-2.529121	0.023624	-0.248167	-0.087498	0.073954	0.002866	-0.024869	-0.793945	-0.159668	0.528809	0.090655	0.024630	-0.025283	-0.124585	-0.795420	-0.025873	-0.592550	139.369809	-69.423894	32.494162
51855		9.041283	2.366601	-2.535702	0.021907	-0.157156	-0.130218	-0.008628	-0.007860	-0.019159	-0.786377	-0.158447	0.529541	0.090416	0.023656	-0.025354	-0.124668	-0.795438	-0.025920	-0.592507	139.352592	-69.413500	32.508315
51856		9.171999	2.213505	-2.590488	0.023031	0.031271	-0.028298	-0.100901	-0.025310	-0.019425	-0.769287	-0.157471	0.523926	0.091725	0.022113	-0.025904	-0.125390	-0.795346	-0.025595	-0.592492	139.226517	-69.399083	32.547699
51857		9.166494	2.133005	-2.603384	0.018864	0.113166	-0.048530	-0.010527	-0.010872	-0.014937	-0.780518	-0.154785	0.527588	0.091668	0.021322	-0.026030	-0.125469	-0.795371	-0.025618	-0.592441	139.216011	-69.388958	32.553472
51858		9.216063	2.212664	-2.478528	0.144805	0.027714	-0.017124	0.030880	-0.001506	-0.018773	-0.789551	-0.155762	0.529785	0.092163	0.022122	-0.024781	-0.125647	-0.795394	-0.025643	-0.592371	139.185516	-69.372924	32.571140
51859		9.258058	2.304217	-2.524822	0.105401	-0.043662	0.055583	0.020098	-0.019981	-0.030169	-0.781250	-0.156006	0.538818	0.092587	0.023031	-0.025237	-0.125650	-0.795464	-0.025811	-0.592269	139.184039	-69.353126	32.585974
51860		9.143541	2.390340	-2.572545	0.020236	-0.138205	-0.018988	0.043211	-0.013556	-0.025177	-0.790039	-0.151367	0.540283	0.091440	0.023897	-0.025714	-0.125646	-0.795547	-0.025991	-0.592150	139.187253	-69.331155	32.597682
51861		9.091541	2.432355	-2.541299	0.031908	-0.193016	-0.066283	0.004367	-0.010684	-0.016146	-0.782715	-0.163574	0.539551	0.090919	0.024317	-0.025408	-0.125669	-0.795581	-0.026063	-0.592096	139.183661	-69.320625	32.605130
51862		9.120579	2.348878	-2.552576	0.042698	-0.101634	-0.055348	-0.071189	-0.023073	-0.013910	-0.787842	-0.153809	0.539063	0.091210	0.023473	-0.025524	-0.126117	-0.795683	-0.025835	-0.591875	139.159320	-69.288531	32.573324
51863		9.308079	2.216456	-2.672257	0.000887	0.085200	0.121431	-0.062052	-0.029139	-0.011486	-0.793945	-0.156738	0.532715	0.093086	0.022151	-0.026716	-0.126393	-0.795730	-0.025681	-0.591759	139.141348	-69.271711	32.555439
51864		9.305419	2.290913	-2.875013	-0.199286	0.048560	0.190449	0.033519	-0.006972	-0.010972	-0.782959	-0.154541	0.538086	0.093056	0.022909	-0.028743	-0.126268	-0.795749	-0.025849	-0.591753	139.149003	-69.267979	32.571948
51865		9.092190	2.486850	-2.870446	-0.279205	-0.182933	0.035174	0.066856	0.020622	-0.010257	-0.787842	-0.154297	0.533447	0.090920	0.024873	-0.028706	-0.126022	-0.795730	-0.026102	-0.591819	139.157000	-69.273192	32.605268
51866		8.997175	2.595662	-2.900270	-0.347500	-0.302151	-0.020541	0.008452	0.014209	0.004245	-0.783936	-0.154785	0.531738	0.089969	0.025960	-0.029008	-0.125965	-0.795721	-0.026118	-0.591843	139.162968	-69.277372	32.605347
51867		9.019796	2.407490	-2.883649	-0.306954	-0.117883	-0.047440	-0.109566	0.009393	0.012979	-0.783691	-0.156006	0.532471	0.090195	0.024065	-0.028854	-0.126354	-0.795628	-0.025750	-0.591902	139.107628	-69.286418	32.598310
51868		9.194003	2.143209	-2.877895	-0.224201	0.173303	0.052657	-0.126387	0.008579	0.007770	-0.788574	-0.151123	0.530762	0.091938	0.021417	-0.028796	-0.126884	-0.795517	-0.025330	-0.591956	139.026235	-69.291913	32.601287
51869		9.222692	2.006293	-2.913581	-0.237410	0.319009	0.057170	0.006401	0.031719	-0.003166	-0.784424	-0.147461	0.533936	0.092223	0.020062	-0.029150	-0.126856	-0.795428	-0.025383	-0.592079	138.996592	-69.304551	32.637801
51870		9.175522	2.259124	-2.684524	-0.065768	0.022868	0.010533	0.105302	0.058157	-0.003886	-0.782471	-0.159424	0.536377	0.091748	0.022604	-0.026860	-0.126207	-0.795316	-0.025845	-0.592348	139.024946	-69.338998	32.701699
51871		9.196059	2.346795	-2.616902	-0.008202	-0.070769	0.032009	0.041370	0.040550	-0.006376	-0.788086	-0.152100	0.537598	0.091956	0.023470	-0.026183	-0.126048	-0.795223	-0.026020	-0.592499	139.002828	-69.354272	32.751614
51872		9.139274	2.347630	-2.506045	0.078667	-0.101185	-0.050437	0.009879	0.046232	0.003041	-0.791748	-0.148682	0.542969	0.091387	0.023479	-0.025080	-0.126031	-0.795160	-0.026040	-0.592587	138.983342	-69.364028	32.774288
51873		9.217551	2.212307	-2.487128	0.131018	0.041314	-0.013479	-0.010790	0.025579	0.004644	-0.791016	-0.156738	0.531494	0.092172	0.022124	-0.024884	-0.126049	-0.795080	-0.026008	-0.592692	138.958894	-69.376938	32.794746
51874		9.231834	2.154060	-2.481919	0.144479	0.098513	-0.014928	0.013783	0.034161	-0.004361	-0.788818	-0.156494	0.532715	0.092315	0.021540	-0.024833	-0.125885	-0.795017	-0.026142	-0.592805	138.952761	-69.389978	32.825676
51875		9.205088	2.144497	-2.310956	0.297278	0.073771	-0.087502	0.042094	0.034079	-0.006524	-0.781494	-0.153076	0.531494	0.092048	0.021447	-0.023121	-0.125724	-0.794944	-0.026316	-0.592929	138.937278	-69.402354	32.868943
51876		9.173361	2.188276	-2.305153	0.287809	0.024676	-0.108596	0.039151	0.018540	-0.010879	-0.792236	-0.152344	0.539551	0.091733	0.021882	-0.023056	-0.125631	-0.794933	-0.026468	-0.592957	138.931389	-69.402023	32.895127
51877		9.197087	2.274995	-2.321048	0.270264	-0.052079	-0.062122	0.063232	0.011545	-0.014373	-0.789795	-0.157471	0.530029	0.091971	0.022751	-0.023209	-0.125412	-0.794938	-0.026722	-0.592985	138.941548	-69.401697	32.923931
51878		9.190346	2.457891	-2.305418	0.264161	-0.233464	-0.030338	0.100566	0.023893	-0.013582	-0.791260	-0.153809	0.534180	0.091902	0.024584	-0.023053	-0.125044	-0.794936	-0.027103	-0.593049	138.961148	-69.405480	32.966231
51879		9.122199	2.536949	-2.237881	0.299711	-0.334623	-0.093792	0.030353	0.014837	-0.012668	-0.783203	-0.154541	0.532471	0.091222	0.025367	-0.022382	-0.124951	-0.794911	-0.027254	-0.593095	138.951129	-69.407219	32.996466
51880		9.100149	2.332015	-2.379136	0.180809	-0.115472	-0.124279	-0.096331	-0.015340	0.001118	-0.784668	-0.145264	0.531250	0.091003	0.023309	-0.023796	-0.125357	-0.794919	-0.026943	-0.593012	138.916419	-69.396542	32.971833
51881		9.211511	2.160958	-2.699001	-0.071936	0.126434	0.025256	-0.059088	-0.015649	0.005016	-0.791260	-0.161133	0.528076	0.092117	0.021604	-0.026989	-0.125571	-0.794931	-0.026740	-0.592960	138.906017	-69.391757	32.947726
51882		9.185555	2.255273	-2.747410	-0.136843	0.038352	0.035599	0.022410	0.012528	0.003585	-0.781494	-0.151367	0.538574	0.091853	0.022557	-0.027477	-0.125442	-0.794878	-0.026821	-0.593055	138.903420	-69.403902	32.967857
51883		9.162739	2.243524	-2.658885	-0.059182	0.030480	-0.011952	-0.021595	0.007851	-0.003611	-0.791748	-0.156982	0.529297	0.091627	0.022431	-0.026595	-0.125529	-0.794843	-0.026778	-0.593085	138.881030	-69.406026	32.979508
51884		9.206170	2.101546	-2.665438	-0.037244	0.179159	-0.002431	-0.111356	-0.010863	0.001138	-0.788818	-0.152832	0.531250	0.092063	0.021001	-0.026661	-0.125975	-0.794843	-0.026428	-0.593006	138.841743	-69.396013	32.952916
51885		9.220118	2.034472	-2.683628	-0.043859	0.251950	-0.000139	-0.034260	0.000909	-0.005969	-0.793701	-0.162354	0.531738	0.092202	0.020337	-0.026840	-0.126121	-0.794820	-0.026352	-0.593009	138.816379	-69.394236	32.959994
51886		9.230268	2.265428	-2.608466	0.004183	0.019037	0.042957	0.076377	0.018245	-0.006941	-0.784668	-0.150391	0.529053	0.092301	0.022661	-0.026084	-0.125902	-0.794776	-0.026612	-0.593103	138.809683	-69.401320	33.006302
51887		9.161626	2.491027	-2.671099	-0.099688	-0.203286	0.047542	0.072483	0.015753	-0.004372	-0.790039	-0.144287	0.532471	0.091615	0.024918	-0.026709	-0.125617	-0.794776	-0.026856	-0.593152	138.832353	-69.406550	33.027383
51888		9.053644	2.646922	-2.725672	-0.200757	-0.369096	-0.003130	0.017613	0.023605	-0.005447	-0.788818	-0.161865	0.529785	0.090534	0.026469	-0.027265	-0.125316	-0.794723	-0.027040	-0.593279	138.848958	-69.424194	33.051044
51889		9.125976	2.451104	-2.676205	-0.114080	-0.173493	0.006188	-0.078921	0.012430	0.013026	-0.790527	-0.151855	0.537109	0.091257	0.024506	-0.026777	-0.125581	-0.794640	-0.026764	-0.593346	138.808264	-69.434574	33.047192
51890		9.208648	2.228949	-2.831009	-0.215914	0.085717	0.073062	-0.113680	0.012320	0.017358	-0.781494	-0.153320	0.528320	0.092083	0.022281	-0.028328	-0.126050	-0.794544	-0.026346	-0.593395	138.742522	-69.441521	33.039768
51891		9.162563	2.192323	-2.946767	-0.339409	0.132169	0.051876	0.018214	0.048147	0.011979	-0.789307	-0.154541	0.524414	0.091617	0.021931	-0.029488	-0.125928	-0.794416	-0.026385	-0.593590	138.720205	-69.466877	33.075713
51892		9.142557	2.402971	-2.640421	-0.082635	-0.128630	0.001030	0.067355	0.064035	0.009390	-0.788086	-0.158936	0.523438	0.091416	0.024043	-0.026425	-0.125628	-0.794240	-0.026588	-0.593880	138.694436	-69.502325	33.143438
51893		9.222340	2.416426	-2.476885	0.089736	-0.154906	0.035845	-0.056470	0.038764	0.018218	-0.794189	-0.158203	0.524902	0.092216	0.024166	-0.024794	-0.125785	-0.794094	-0.026374	-0.594052	138.645812	-69.526000	33.161770
51894		9.284662	2.222977	-2.536647	0.064278	0.056774	0.065257	-0.080948	0.028287	0.019261	-0.789063	-0.149170	0.526367	0.092841	0.022228	-0.025389	-0.126190	-0.793862	-0.026045	-0.594290	138.536956	-69.552985	33.210448
51895		9.241637	2.240287	-2.350619	0.221671	0.000154	-0.019679	0.002609	0.054775	0.014892	-0.789307	-0.150879	0.529785	0.092408	0.022410	-0.023531	-0.126120	-0.793705	-0.026030	-0.594516	138.501705	-69.582268	33.250594
51896		9.247086	2.185568	-2.181939	0.384284	0.023346	-0.071130	-0.012861	0.042171	0.014097	-0.786377	-0.156006	0.537354	0.092465	0.021861	-0.021840	-0.125963	-0.793570	-0.026037	-0.594728	138.487959	-69.612490	33.278276
51897		9.328321	1.995286	-2.271222	0.339948	0.238174	-0.015499	-0.084010	0.017072	0.012130	-0.784424	-0.154297	0.535156	0.093280	0.019949	-0.022729	-0.126250	-0.793470	-0.025752	-0.594814	138.438307	-69.624554	33.280858
51898		9.247528	1.961580	-2.390351	0.208498	0.276072	-0.068014	-0.000762	0.024198	-0.002487	-0.784912	-0.148193	0.530273	0.092473	0.019615	-0.023915	-0.126290	-0.793533	-0.025726	-0.594722	138.454210	-69.613757	33.259329
51899		9.113043	2.086697	-2.318953	0.221658	0.117294	-0.183746	0.071042	0.031456	-0.012931	-0.791260	-0.155518	0.535400	0.091128	0.020869	-0.023196	-0.126035	-0.793484	-0.026010	-0.594829	138.449840	-69.622423	33.308372
51900		9.163626	2.143239	-2.235551	0.311016	0.057335	-0.145052	-0.000528	0.003445	-0.012509	-0.795654	-0.152588	0.529297	0.091637	0.021427	-0.022357	-0.125983	-0.793551	-0.026077	-0.594747	138.472560	-69.611984	33.295283
51901		9.200170	2.098921	-2.320524	0.246091	0.123382	-0.098901	-0.015988	-0.007111	-0.025515	-0.794678	-0.154785	0.525391	0.092005	0.020976	-0.023204	-0.126115	-0.793561	-0.026128	-0.594704	138.443340	-69.599316	33.317659
51902		9.174764	2.258817	-2.319909	0.221320	-0.034865	-0.085904	0.072966	0.005386	-0.026796	-0.788086	-0.158447	0.531250	0.091750	0.022584	-0.023193	-0.125834	-0.793537	-0.026506	-0.594779	138.438951	-69.600955	33.376491
51903		9.174701	2.409332	-2.178275	0.341516	-0.203723	-0.088143	0.060384	-0.005109	-0.023310	-0.791016	-0.160400	0.527100	0.091750	0.024089	-0.021773	-0.125656	-0.793589	-0.026777	-0.594735	138.453982	-69.590001	33.398354
51904		9.157111	2.363927	-2.238541	0.286415	-0.149565	-0.099423	-0.036253	-0.024876	-0.026360	-0.791992	-0.152100	0.536621	0.091577	0.023623	-0.022378	-0.126044	-0.793643	-0.026694	-0.594585	138.407354	-69.561487	33.405770
51905		9.207757	2.240371	-2.366422	0.195489	0.003856	-0.047250	-0.038410	-0.035875	-0.020172	-0.786865	-0.145996	0.529785	0.092084	0.022390	-0.023652	-0.126253	-0.793725	-0.026639	-0.594434	138.400796	-69.538522	33.390236
51906		9.209990	2.262630	-2.406116	0.160797	-0.010740	-0.029700	-0.001938	-0.026914	-0.025077	-0.790283	-0.155029	0.535400	0.092106	0.022615	-0.024049	-0.126132	-0.793867	-0.026782	-0.594263	138.451029	-69.516838	33.361515
51907		9.181283	2.306318	-2.485428	0.075583	-0.043365	-0.025715	-0.008663	-0.034697	-0.019333	-0.790527	-0.153564	0.532959	0.091819	0.023053	-0.024839	-0.126220	-0.793965	-0.026813	-0.594112	138.461294	-69.494689	33.346252
51908		9.189413	2.303989	-2.649720	-0.073084	-0.010565	0.024449	-0.041371	-0.036488	-0.018133	-0.791016	-0.155762	0.528320	0.091901	0.023026	-0.026485	-0.126382	-0.794097	-0.026760	-0.593903	138.479752	-69.466939	33.309631
51909		9.156509	2.339263	-2.669666	-0.102476	-0.045551	0.007106	-0.016742	-0.030683	-0.018046	-0.788574	-0.159912	0.535400	0.091571	0.023382	-0.026685	-0.126498	-0.794178	-0.026764	-0.593771	138.482780	-69.446988	33.297159
51910		9.152885	2.224913	-2.749727	-0.164159	0.080354	-0.001819	-0.029787	-0.026745	-0.016359	-0.795410	-0.156494	0.532959	0.091534	0.022238	-0.027488	-0.126712	-0.794250	-0.026712	-0.593631	138.471710	-69.425056	33.285962
51911		9.258393	2.240623	-2.782722	-0.163771	0.093069	0.109323	-0.012468	-0.024521	-0.019873	-0.786621	-0.155273	0.528076	0.092590	0.022395	-0.027817	-0.126815	-0.794314	-0.026740	-0.593521	138.468846	-69.407046	33.282387
51912		9.257454	2.241959	-2.784769	-0.164307	0.092758	0.109317	0.035802	-0.014030	-0.016006	-0.790527	-0.158447	0.539551	0.092578	0.022417	-0.027837	-0.126682	-0.794361	-0.026928	-0.593478	138.484579	-69.398434	33.292977
51913		9.169155	2.317892	-2.690366	-0.106930	-0.013674	0.019529	0.067513	0.003239	-0.020924	-0.786621	-0.147705	0.529541	0.091694	0.023178	-0.026897	-0.126467	-0.794394	-0.027215	-0.593467	138.498279	-69.391942	33.320668
51914		9.146403	2.370031	-2.554219	0.012912	-0.092744	-0.025501	0.045799	-0.000841	-0.018303	-0.793457	-0.153076	0.527100	0.091466	0.023698	-0.025536	-0.126221	-0.794475	-0.027462	-0.593400	138.538658	-69.382232	33.320905
51915		9.218130	2.386106	-2.588618	0.001037	-0.088361	0.054458	0.031041	-0.005376	-0.014416	-0.787109	-0.155762	0.533691	0.092184	0.023858	-0.025880	-0.126133	-0.794511	-0.027610	-0.593364	138.547645	-69.374512	33.331328
51916		9.205358	2.422253	-2.635756	-0.050799	-0.118529	0.063370	0.056014	0.004490	-0.012015	-0.783203	-0.151611	0.536377	0.092054	0.024224	-0.026353	-0.125879	-0.794514	-0.027862	-0.593402	138.564094	-69.376910	33.356653
51917		9.124348	2.536755	-2.614934	-0.066373	-0.249170	0.008731	0.059116	0.014964	-0.008120	-0.788330	-0.147705	0.530762	0.091243	0.025372	-0.026149	-0.125658	-0.794508	-0.028081	-0.593446	138.575855	-69.380326	33.381312
51918		9.163073	2.406627	-2.519644	0.050337	-0.133824	-0.010549	-0.037834	0.002799	0.000493	-0.790771	-0.163818	0.532227	0.091630	0.024062	-0.025202	-0.125626	-0.794537	-0.028026	-0.593416	138.598405	-69.380741	33.356827
51919		9.201347	2.203414	-2.494978	0.105222	0.067990	-0.028566	-0.107958	-0.007490	-0.003436	-0.789307	-0.156738	0.523438	0.092015	0.022019	-0.024958	-0.126058	-0.794494	-0.027717	-0.593398	138.542500	-69.376283	33.351540
51920		9.145808	2.076552	-2.567098	0.031600	0.195860	-0.091139	-0.020290	-0.000796	-0.006650	-0.786621	-0.160889	0.530518	0.091459	0.020760	-0.025673	-0.126287	-0.794427	-0.027649	-0.593441	138.486148	-69.375349	33.383245
