// General information: 
//  MT Manager version: 2019.2.0 
//  XDA version: 2019.2.0 build 3853 rev 94535 built on 2019-09-09
// Device information: 
//  DeviceId: 00B47792
//  ProductCode: MTW2-3A7G6
//  Firmware Version: 4.6.0
//  Hardware Version: 2.0.0
// Device settings: 
//  Filter Profile: human(46.1)
//  Option Flags: Orientation Smoother Disabled, AHS Disabled, ICC Disabled
// Coordinate system: ENU
PacketCounter	SampleTimeFine	Acc_X	Acc_Y	Acc_Z	FreeAcc_E	FreeAcc_N	FreeAcc_U	Gyr_X	Gyr_Y	Gyr_Z	Mag_X	Mag_Y	Mag_Z	VelInc_X	VelInc_Y	VelInc_Z	Quat_q0	Quat_q1	Quat_q2	Quat_q3	Roll	Pitch	Yaw
51656		9.726233	0.374504	-0.886974	0.088902	-0.138322	-0.040301	-0.000761	0.014542	-0.007234	-0.869873	0.209473	0.350342	0.097262	0.003741	-0.008877	0.209488	-0.696435	-0.244272	-0.641424	166.429405	-84.724361	51.041319
51657		9.715311	0.393168	-0.873156	0.108136	-0.145709	-0.051984	0.002474	0.014697	-0.008407	-0.873779	0.207520	0.355713	0.097153	0.003928	-0.008739	0.209542	-0.696320	-0.244380	-0.641489	166.311709	-84.734324	51.172727
51658		9.693363	0.429409	-0.847057	0.148877	-0.160490	-0.075375	0.000545	0.012259	-0.000485	-0.867188	0.210205	0.354248	0.096933	0.004294	-0.008477	0.209564	-0.696299	-0.244376	-0.641507	166.312338	-84.738150	51.173547
51659		9.647806	0.416172	-0.819169	0.161041	-0.134431	-0.123498	0.000725	0.010335	-0.002296	-0.875732	0.208496	0.345215	0.096478	0.004161	-0.008197	0.209470	-0.696360	-0.244405	-0.641461	166.269573	-84.725478	51.210920
51660		9.672126	0.392678	-0.810979	0.154555	-0.109456	-0.100528	0.000910	0.006786	0.003095	-0.869629	0.207275	0.354980	0.096721	0.003928	-0.008113	0.209497	-0.696360	-0.244396	-0.641455	166.299945	-84.726703	51.182058
51661		9.694244	0.356564	-0.835149	0.112459	-0.093207	-0.077101	0.002210	0.006129	0.002640	-0.878174	0.212402	0.360352	0.096942	0.003567	-0.008354	0.209489	-0.696276	-0.244491	-0.641513	166.159594	-84.731870	51.329773
51662		9.657478	0.312545	-0.852484	0.070271	-0.071809	-0.113141	0.008382	0.003094	0.004063	-0.870361	0.208984	0.358398	0.096575	0.003128	-0.008526	0.209540	-0.696281	-0.244506	-0.641485	166.205094	-84.731196	51.290020
51663		9.666360	0.281760	-0.896696	0.020705	-0.070987	-0.101019	0.012738	0.004515	0.004247	-0.868164	0.210938	0.355957	0.096663	0.002820	-0.008969	0.209450	-0.696445	-0.244499	-0.641338	166.286369	-84.706254	51.200754
51664		9.664238	0.268898	-0.928274	-0.011821	-0.080599	-0.100588	0.015944	0.008265	0.003001	-0.876709	0.214844	0.348389	0.096642	0.002691	-0.009287	0.209530	-0.696425	-0.244537	-0.641320	166.322163	-84.708235	51.175062
51665		9.694593	0.275088	-1.006068	-0.067201	-0.131784	-0.063272	0.013009	0.011455	0.000404	-0.865234	0.210205	0.347900	0.096945	0.002752	-0.010066	0.209670	-0.696390	-0.244584	-0.641295	166.393823	-84.712968	51.119321
51666		9.696236	0.359979	-0.982419	0.003278	-0.185077	-0.061920	0.009318	0.007907	0.000030	-0.872314	0.213379	0.347900	0.096962	0.003600	-0.009828	0.209718	-0.696374	-0.244611	-0.641286	166.408735	-84.714353	51.110810
51667		9.696981	0.287356	-0.971937	-0.033907	-0.123104	-0.063719	0.003117	0.014538	-0.001469	-0.862061	0.200195	0.352051	0.096969	0.002873	-0.009726	0.209881	-0.696256	-0.244678	-0.641334	166.412342	-84.729874	51.126759
51668		9.734573	0.258651	-0.943235	-0.027368	-0.080816	-0.029476	0.001483	0.017070	-0.004521	-0.862793	0.211670	0.351318	0.097345	0.002584	-0.009441	0.209899	-0.696213	-0.244687	-0.641372	166.381975	-84.735784	51.159248
51669		9.756383	0.299467	-0.884400	0.045004	-0.073303	-0.012103	-0.001118	0.018384	-0.003612	-0.876709	0.205078	0.353271	0.097563	0.002993	-0.008853	0.209782	-0.696239	-0.244750	-0.641358	166.264248	-84.725201	51.272538
51670		9.787065	0.309996	-0.869863	0.063453	-0.071292	0.017383	-0.003568	0.021370	-0.004588	-0.869141	0.210205	0.356689	0.097870	0.003098	-0.008709	0.209786	-0.696188	-0.244738	-0.641417	166.223827	-84.733440	51.312185
51671		9.769276	0.367576	-0.869934	0.095984	-0.115527	0.000981	-0.009073	0.022277	-0.006204	-0.872070	0.209717	0.350586	0.097692	0.003672	-0.008710	0.209590	-0.696195	-0.244762	-0.641464	166.034802	-84.726544	51.486606
51672		9.756262	0.373897	-0.887377	0.083540	-0.132631	-0.010273	-0.020900	0.024546	-0.007362	-0.865479	0.209229	0.350586	0.097562	0.003734	-0.008886	0.209529	-0.696149	-0.244701	-0.641558	165.962173	-84.736107	51.548588
51673		9.750196	0.341118	-0.890013	0.059175	-0.108708	-0.016796	-0.024319	0.026312	-0.004377	-0.869873	0.212158	0.345703	0.097501	0.003408	-0.008913	0.209466	-0.696101	-0.244668	-0.641643	165.872292	-84.743894	51.630129
51674		9.757329	0.302858	-0.872722	0.047861	-0.068194	-0.012080	-0.030307	0.027420	-0.007612	-0.866455	0.207764	0.345215	0.097572	0.003024	-0.008741	0.209375	-0.696054	-0.244575	-0.641758	165.787789	-84.754996	51.698624
51675		9.681334	0.280468	-0.855936	0.038849	-0.047748	-0.089739	-0.029489	0.026963	-0.009683	-0.870605	0.206787	0.343750	0.096812	0.002799	-0.008573	0.209412	-0.695880	-0.244584	-0.641932	165.642366	-84.779910	51.847611
51676		9.681552	0.281516	-0.853123	0.039419	-0.047545	-0.089740	-0.027252	0.029492	-0.006961	-0.873779	0.201660	0.347900	0.096814	0.002811	-0.008546	0.209336	-0.695824	-0.244496	-0.642051	165.559257	-84.792275	51.916498
51677		9.661068	0.403262	-0.802687	0.144932	-0.114039	-0.111701	-0.029006	0.026754	-0.008055	-0.878174	0.204590	0.354248	0.096610	0.004028	-0.008040	0.209167	-0.695607	-0.244571	-0.642312	165.137871	-84.813757	52.329588
51678		9.628671	0.381821	-0.844900	0.094535	-0.125508	-0.140756	-0.036598	0.025171	-0.007071	-0.873047	0.206787	0.349365	0.096286	0.003813	-0.008462	0.209053	-0.695575	-0.244459	-0.642427	165.053170	-84.823695	52.394691
51679		9.662080	0.329218	-0.879628	0.032889	-0.099905	-0.105635	-0.038351	0.022433	-0.008165	-0.864014	0.200684	0.346924	0.096620	0.003287	-0.008808	0.208759	-0.695532	-0.244427	-0.642581	164.746074	-84.825117	52.673863
51680		9.714869	0.307870	-0.798166	0.085482	-0.030378	-0.060646	-0.033666	0.021976	-0.004467	-0.870605	0.204834	0.344727	0.097148	0.003075	-0.007993	0.208659	-0.695510	-0.244318	-0.642679	164.682813	-84.833627	52.719096
51681		9.749672	0.340039	-0.810210	0.092351	-0.058928	-0.024114	-0.030244	0.020211	-0.007447	-0.867676	0.205811	0.352051	0.097496	0.003396	-0.008112	0.208469	-0.695386	-0.244373	-0.642854	164.343931	-84.842435	53.046343
51682		9.732477	0.325372	-0.801117	0.088050	-0.043229	-0.042368	-0.027641	0.018899	-0.008352	-0.863037	0.205078	0.352783	0.097324	0.003249	-0.008021	0.208373	-0.695362	-0.244301	-0.642938	164.264088	-84.848625	53.111678
51683		9.693083	0.346336	-0.767395	0.126188	-0.039575	-0.084008	-0.024074	0.017178	-0.006017	-0.871826	0.208252	0.354736	0.096930	0.003460	-0.007683	0.208163	-0.695471	-0.244248	-0.642909	164.206520	-84.832157	53.146990
51684		9.720937	0.417520	-0.794316	0.148344	-0.110588	-0.052173	-0.022291	0.016317	-0.004849	-0.875732	0.204834	0.352295	0.097209	0.004172	-0.007952	0.208094	-0.695454	-0.244183	-0.642974	164.155574	-84.837398	53.186354
51685		9.700999	0.462717	-0.827000	0.148474	-0.165482	-0.068048	-0.021963	0.014436	-0.001347	-0.870361	0.205078	0.354248	0.097009	0.004626	-0.008278	0.207899	-0.695518	-0.244128	-0.642988	164.066897	-84.827666	53.253794
51686		9.631908	0.397097	-0.888711	0.055271	-0.155849	-0.133131	-0.018693	0.011002	-0.002450	-0.873779	0.209717	0.350098	0.096319	0.003969	-0.008893	0.207843	-0.695518	-0.244072	-0.643028	164.041611	-84.830311	53.269437
51687		9.704029	0.399683	-0.874487	0.072443	-0.142891	-0.062457	-0.008836	0.011523	-0.000638	-0.874268	0.205322	0.351807	0.097040	0.003996	-0.008751	0.207766	-0.695564	-0.244057	-0.643009	164.025387	-84.823102	53.277925
51688		9.736769	0.418968	-0.919554	0.049606	-0.183405	-0.025466	-0.006264	0.013807	-0.001609	-0.873779	0.194580	0.346191	0.097367	0.004189	-0.009202	0.207759	-0.695543	-0.244035	-0.643042	164.007442	-84.827397	53.293335
51689		9.641305	0.367533	-0.929707	0.000314	-0.151819	-0.120879	-0.008354	0.011317	0.000983	-0.875732	0.206543	0.343506	0.096413	0.003675	-0.009303	0.207512	-0.695447	-0.244152	-0.643181	163.613481	-84.826264	53.676129
51690		9.707222	0.336473	-0.920671	-0.008425	-0.117309	-0.056809	-0.008046	0.014666	-0.002774	-0.877686	0.200928	0.353760	0.097072	0.003363	-0.009214	0.207496	-0.695423	-0.244128	-0.643221	163.584441	-84.830823	53.701614
51691		9.678914	0.338975	-0.899664	0.003716	-0.107181	-0.086733	-0.008713	0.016789	-0.002577	-0.868652	0.212646	0.353271	0.096788	0.003388	-0.009005	0.207375	-0.695290	-0.244213	-0.643372	163.284506	-84.839985	53.998398
51692		9.677050	0.327097	-0.930221	-0.028852	-0.116757	-0.086273	-0.012432	0.016832	-0.003029	-0.869141	0.211426	0.345947	0.096770	0.003269	-0.009311	0.207345	-0.695264	-0.244174	-0.643425	163.246336	-84.845691	54.030516
51693		9.679882	0.267016	-0.887236	-0.028967	-0.045455	-0.088712	-0.010015	0.017441	-0.002120	-0.873779	0.204834	0.350586	0.096798	0.002669	-0.008881	0.207504	-0.695289	-0.244108	-0.643371	163.457641	-84.850946	53.827236
51694		9.722237	0.417171	-0.870937	0.076144	-0.152499	-0.044095	-0.007442	0.019726	-0.003089	-0.861084	0.206055	0.351074	0.097222	0.004170	-0.008719	0.207495	-0.695248	-0.244082	-0.643428	163.417544	-84.858240	53.864195
51695		9.772844	0.382998	-0.821869	0.097175	-0.090754	0.001229	-0.023622	0.020553	-0.004448	-0.877441	0.205322	0.346680	0.097728	0.003827	-0.008229	0.207354	-0.695299	-0.244032	-0.643437	163.364188	-84.851262	53.901213
51696		9.777922	0.331982	-0.837543	0.052714	-0.060025	0.006328	-0.017827	0.021361	0.000613	-0.874756	0.201904	0.347168	0.097778	0.003319	-0.008386	0.207322	-0.695269	-0.243957	-0.643509	163.337627	-84.860018	53.918587
51697		9.773165	0.383682	-0.817729	0.094315	-0.088832	0.001275	-0.019235	0.018384	-0.004188	-0.865723	0.204102	0.348877	0.097731	0.003834	-0.008187	0.207200	-0.695116	-0.244021	-0.643690	163.022551	-84.873302	54.228436
51698		9.701309	0.381846	-0.828986	0.079197	-0.099911	-0.069374	-0.019422	0.020300	-0.002367	-0.873291	0.205811	0.356689	0.097012	0.003817	-0.008300	0.207151	-0.695086	-0.243954	-0.643763	162.977450	-84.880991	54.263506
51699		9.630159	0.307381	-0.831032	0.029337	-0.045030	-0.142002	-0.015392	0.023606	-0.005665	-0.878906	0.198975	0.348877	0.096301	0.003070	-0.008322	0.206977	-0.695161	-0.243907	-0.643755	162.918158	-84.869500	54.304033
51700		9.596912	0.361389	-0.791674	0.090090	-0.067332	-0.177054	-0.007442	0.019721	-0.003075	-0.872314	0.203369	0.357910	0.095968	0.003612	-0.007926	0.206967	-0.695121	-0.243881	-0.643812	162.876602	-84.876692	54.342402
51701		9.638983	0.350940	-0.880690	0.013163	-0.105357	-0.127777	-0.004837	0.018414	-0.003983	-0.872314	0.209961	0.343750	0.096389	0.003507	-0.008816	0.206675	-0.695141	-0.243922	-0.643868	162.603102	-84.863166	54.594679
51702		9.695713	0.350253	-0.826429	0.057619	-0.068439	-0.075927	0.006664	0.018043	-0.006312	-0.871582	0.208008	0.343506	0.096956	0.003500	-0.008273	0.206701	-0.695088	-0.243955	-0.643905	162.552116	-84.868815	54.650575
51703		9.633909	0.406433	-0.768105	0.132159	-0.085549	-0.140946	0.013623	0.018163	-0.007019	-0.867676	0.202148	0.345947	0.096339	0.004061	-0.007690	0.206968	-0.694895	-0.244086	-0.643978	162.526483	-84.892688	54.709998
51704		9.666352	0.429180	-0.721530	0.183650	-0.073511	-0.111965	0.005237	0.013428	-0.003922	-0.878174	0.208496	0.350830	0.096663	0.004290	-0.007222	0.206992	-0.694860	-0.244111	-0.643998	162.497896	-84.896274	54.742637
51705		9.725339	0.437123	-0.727033	0.186277	-0.078245	-0.052511	0.005247	0.008197	0.003328	-0.870850	0.206299	0.342041	0.097253	0.004373	-0.007274	0.207003	-0.694838	-0.244167	-0.643998	162.456348	-84.895530	54.789990
51706		9.730364	0.385612	-0.744076	0.141793	-0.047502	-0.047444	0.001873	0.007999	-0.000824	-0.868164	0.204102	0.344727	0.097303	0.003856	-0.007445	0.207018	-0.694827	-0.244176	-0.644000	162.455061	-84.896677	54.793282
51707		9.763183	0.404657	-0.789701	0.116840	-0.088535	-0.010359	-0.000377	0.003833	0.003638	-0.871826	0.202881	0.348389	0.097632	0.004048	-0.007899	0.207126	-0.694725	-0.244270	-0.644040	162.396985	-84.906645	54.868502
51708		9.778663	0.407758	-0.828473	0.089141	-0.113541	0.008415	-0.002982	0.005139	0.004546	-0.873535	0.203125	0.350586	0.097786	0.004080	-0.008287	0.207138	-0.694735	-0.244248	-0.644034	162.431132	-84.907192	54.833453
51709		9.772538	0.373773	-0.833309	0.063919	-0.087692	0.001834	-0.005587	0.006445	0.005454	-0.873047	0.202148	0.343262	0.097725	0.003740	-0.008336	0.207007	-0.694761	-0.244270	-0.644040	162.323693	-84.898623	54.931689
51710		9.731048	0.380962	-0.833138	0.066647	-0.096886	-0.039320	-0.005109	0.006239	0.007075	-0.876221	0.204346	0.345947	0.097310	0.003813	-0.008335	0.207021	-0.694773	-0.244231	-0.644038	162.369511	-84.900189	54.883672
51711		9.751055	0.335735	-0.798221	0.064373	-0.038141	-0.023543	-0.009785	0.006693	0.003377	-0.878418	0.202881	0.349121	0.097510	0.003359	-0.007986	0.206985	-0.694643	-0.244314	-0.644157	162.149585	-84.910695	55.107574
51712		9.705271	0.321765	-0.771222	0.075244	-0.014549	-0.071808	-0.001869	0.006401	0.005913	-0.868896	0.202881	0.348145	0.097052	0.003220	-0.007715	0.207007	-0.694650	-0.244290	-0.644152	162.189235	-84.912188	55.067621
51713		9.709627	0.342574	-0.797405	0.066095	-0.044727	-0.064677	0.001372	0.006564	0.004749	-0.869873	0.207275	0.349854	0.097096	0.003428	-0.007977	0.206910	-0.694635	-0.244348	-0.644178	162.052012	-84.907347	55.201632
51714		9.698531	0.359895	-0.784559	0.086682	-0.051967	-0.076346	0.005122	0.002929	0.005264	-0.876465	0.204834	0.351807	0.096985	0.003602	-0.007847	0.206949	-0.694644	-0.244352	-0.644153	162.098050	-84.906825	55.159266
51715		9.689817	0.386243	-0.830851	0.067083	-0.100376	-0.080397	0.001215	0.004889	0.006626	-0.866455	0.203369	0.349365	0.096898	0.003866	-0.008311	0.206912	-0.694715	-0.244343	-0.644092	162.147570	-84.896878	55.105944
51716		9.698629	0.358682	-0.783894	0.088742	-0.049926	-0.076354	0.004487	0.001460	0.005519	-0.865479	0.198975	0.347656	0.096986	0.003590	-0.007840	0.206948	-0.694731	-0.244345	-0.644063	162.197606	-84.895566	55.059185
51717		9.691812	0.397150	-0.798211	0.101169	-0.086772	-0.080867	0.008684	0.001210	0.007598	-0.873779	0.205566	0.351074	0.096918	0.003976	-0.007983	0.206849	-0.694795	-0.244416	-0.643999	162.141883	-84.879039	55.112810
51718		9.681328	0.341533	-0.776896	0.084882	-0.030761	-0.094654	0.004996	-0.002337	0.007197	-0.878662	0.200195	0.348633	0.096813	0.003419	-0.007768	0.206887	-0.694824	-0.244418	-0.643954	162.209354	-84.875910	55.048801
51719		9.711761	0.350842	-0.764133	0.101328	-0.025798	-0.065156	0.009986	0.000556	0.007145	-0.872559	0.202148	0.348633	0.097117	0.003512	-0.007641	0.206784	-0.694819	-0.244500	-0.643961	162.067480	-84.867798	55.188954
51720		9.716069	0.371425	-0.791206	0.093678	-0.058275	-0.058007	0.006965	-0.005113	0.006546	-0.872803	0.213867	0.348145	0.097161	0.003718	-0.007909	0.206822	-0.694855	-0.244514	-0.643906	162.136915	-84.863033	55.124078
51721		9.725284	0.340553	-0.836372	0.041403	-0.060607	-0.045843	0.011162	-0.005364	0.008625	-0.872314	0.203613	0.347900	0.097253	0.003410	-0.008361	0.206935	-0.694885	-0.244559	-0.643820	162.254920	-84.858791	55.019621
51722		9.696752	0.342141	-0.817590	0.057121	-0.052449	-0.075824	0.011854	-0.005847	0.001234	-0.866699	0.211182	0.345947	0.096968	0.003422	-0.008173	0.206973	-0.694911	-0.244607	-0.643761	162.296198	-84.852684	54.985841
51723		9.755661	0.349383	-0.824512	0.060461	-0.058430	-0.016375	0.011610	-0.001979	0.010190	-0.871826	0.211182	0.345947	0.097557	0.003499	-0.008244	0.207116	-0.694916	-0.244665	-0.643688	162.408986	-84.851737	54.890292
51724		9.707883	0.322870	-0.830652	0.038220	-0.044734	-0.064161	0.009061	-0.002624	0.003961	-0.875732	0.207520	0.351807	0.097079	0.003231	-0.008305	0.207157	-0.694938	-0.244692	-0.643641	162.458863	-84.847860	54.846288
51725		9.728228	0.274539	-0.887887	-0.034057	-0.039895	-0.040309	0.007280	-0.001765	0.002794	-0.877441	0.208740	0.344727	0.097282	0.002747	-0.008878	0.207260	-0.694950	-0.244734	-0.643579	162.548430	-84.845895	54.769146
51726		9.751815	0.323419	-0.889601	-0.003727	-0.077913	-0.015351	0.007916	-0.000296	0.002538	-0.868896	0.207031	0.349609	0.097518	0.003236	-0.008896	0.207295	-0.694964	-0.244760	-0.643542	162.584604	-84.843045	54.738260
51727		9.729548	0.358950	-0.864832	0.036012	-0.093110	-0.038696	-0.001302	0.000654	0.000454	-0.872314	0.204834	0.347412	0.097295	0.003590	-0.008649	0.207352	-0.694925	-0.244818	-0.643544	162.567600	-84.845657	54.765076
51728		9.707900	0.321966	-0.830801	0.039763	-0.044639	-0.064167	-0.000030	0.003591	-0.000058	-0.867920	0.202637	0.346436	0.097079	0.003220	-0.008310	0.207356	-0.694931	-0.244824	-0.643533	162.576023	-84.844502	54.757502
51729		9.766865	0.330122	-0.836707	0.041126	-0.048657	-0.004698	-0.006517	0.008498	-0.004985	-0.872314	0.203613	0.353760	0.097668	0.003299	-0.008371	0.207265	-0.694873	-0.244906	-0.643594	162.386418	-84.843924	54.946382
51730		9.741412	0.269094	-0.866589	-0.021291	-0.019928	-0.029147	-0.002955	0.006779	-0.002650	-0.872314	0.207520	0.349121	0.097414	0.002690	-0.008669	0.207255	-0.694869	-0.244908	-0.643601	162.370995	-84.844062	54.961058
51731		9.675727	0.300773	-0.873620	-0.010913	-0.052062	-0.093092	0.000413	0.012205	-0.005747	-0.869385	0.201416	0.339844	0.096757	0.003005	-0.008742	0.207145	-0.694898	-0.244941	-0.643592	162.284676	-84.834733	55.040994
51732		9.657830	0.358355	-0.874583	0.021613	-0.099604	-0.109255	0.003017	0.010897	-0.006654	-0.863037	0.201172	0.354248	0.096578	0.003580	-0.008751	0.207147	-0.694870	-0.244972	-0.643610	162.240462	-84.836388	55.087993
51733		9.686408	0.356777	-0.892933	0.005544	-0.104528	-0.079231	0.001079	0.010082	-0.005944	-0.869385	0.207520	0.345215	0.096864	0.003565	-0.008934	0.207021	-0.694834	-0.245084	-0.643647	162.029450	-84.829589	55.297902
51734		9.686472	0.357398	-0.891985	0.006037	-0.104219	-0.079228	-0.001337	0.009472	-0.006856	-0.875000	0.212891	0.354980	0.096864	0.003571	-0.008924	0.207005	-0.694815	-0.245103	-0.643666	161.983827	-84.830393	55.343785
51735		9.640668	0.344472	-0.864652	0.018849	-0.081467	-0.127556	0.005433	0.011505	-0.005739	-0.871094	0.213135	0.344971	0.096406	0.003442	-0.008652	0.207103	-0.694830	-0.245124	-0.643611	162.081488	-84.829557	55.256243
51736		9.625275	0.341480	-0.824429	0.047541	-0.055916	-0.146415	0.001557	0.009875	-0.004322	-0.862793	0.200195	0.350098	0.096252	0.003413	-0.008249	0.207106	-0.694809	-0.245143	-0.643625	162.052389	-84.831027	55.287218
51737		9.631546	0.375564	-0.818037	0.073927	-0.078350	-0.139771	0.006258	0.011057	-0.007813	-0.869141	0.205322	0.346680	0.096315	0.003752	-0.008186	0.207157	-0.694794	-0.245222	-0.643594	162.046471	-84.828622	55.304310
51738		9.686191	0.362953	-0.796846	0.085252	-0.051073	-0.087508	0.005176	0.006203	-0.009121	-0.879150	0.201172	0.349121	0.096862	0.003625	-0.007971	0.207153	-0.694776	-0.245273	-0.643595	161.997853	-84.827232	55.356971
51739		9.716620	0.373509	-0.783419	0.101334	-0.046895	-0.058022	0.003846	0.005220	-0.001474	-0.875000	0.206543	0.348877	0.097166	0.003735	-0.007837	0.207068	-0.694716	-0.245375	-0.643648	161.803803	-84.825475	55.552480
51740		9.738330	0.410693	-0.816747	0.098602	-0.094729	-0.032497	-0.002289	0.004654	-0.002847	-0.872314	0.201660	0.351318	0.097383	0.004105	-0.008170	0.207055	-0.694718	-0.245382	-0.643647	161.791266	-84.824345	55.564603
51741		9.727208	0.428775	-0.803789	0.118501	-0.099891	-0.044142	-0.000540	0.007386	-0.001737	-0.879883	0.202881	0.348877	0.097272	0.004287	-0.008041	0.206941	-0.694724	-0.245428	-0.643661	161.669201	-84.817055	55.680949
51742		9.711766	0.425474	-0.764002	0.147189	-0.074336	-0.063024	-0.008771	0.004332	-0.000526	-0.870850	0.206299	0.348633	0.097118	0.004254	-0.007642	0.206913	-0.694736	-0.245407	-0.643664	161.667279	-84.816147	55.678666
51743		9.697511	0.346114	-0.806843	0.063076	-0.036772	-0.075789	-0.008421	-0.001138	0.003030	-0.875977	0.208984	0.354248	0.096975	0.003462	-0.008068	0.206822	-0.694732	-0.245438	-0.643686	161.563272	-84.811818	55.777601
51744		9.680165	0.330316	-0.799744	0.058677	-0.021091	-0.094128	-0.000031	0.003590	-0.000057	-0.868652	0.212646	0.344482	0.096802	0.003303	-0.007999	0.206825	-0.694739	-0.245444	-0.643676	161.570320	-84.810592	55.771331
51745		9.737223	0.325956	-0.838315	0.030792	-0.037839	-0.034131	0.003083	-0.001512	0.000716	-0.862549	0.203369	0.348877	0.097372	0.003260	-0.008382	0.206963	-0.694790	-0.245451	-0.643574	161.753410	-84.807082	55.600749
51746		9.727948	0.355768	-0.793687	0.084440	-0.035179	-0.046362	0.002704	0.002321	0.004354	-0.866943	0.201416	0.345215	0.097279	0.003560	-0.007938	0.206989	-0.694803	-0.245452	-0.643551	161.791313	-84.805956	55.565097
51747		9.714921	0.361114	-0.813529	0.071620	-0.050420	-0.057470	0.010043	-0.001395	0.000016	-0.876465	0.202637	0.346436	0.097149	0.003612	-0.008134	0.206954	-0.694824	-0.245563	-0.643498	161.729969	-84.794038	55.633111
51748		9.717368	0.370036	-0.872668	0.030928	-0.092753	-0.049688	0.013094	0.000682	0.000674	-0.871338	0.203369	0.347168	0.097174	0.003701	-0.008727	0.207001	-0.694827	-0.245611	-0.643460	161.754782	-84.791343	55.616565
51749		9.735391	0.312873	-0.870367	-0.003544	-0.043184	-0.033557	0.020023	0.004389	-0.000083	-0.870361	0.199219	0.344238	0.097354	0.003130	-0.008705	0.207004	-0.694722	-0.245776	-0.643510	161.564187	-84.793449	55.821566
51750		9.745957	0.367551	-0.891424	0.013807	-0.098525	-0.019653	0.021961	0.005203	-0.000789	-0.869873	0.202881	0.347900	0.097459	0.003676	-0.008916	0.207083	-0.694699	-0.245854	-0.643479	161.575933	-84.792961	55.823235
51751		9.772067	0.356195	-0.851337	0.037424	-0.061221	0.002597	0.025044	0.003689	-0.000071	-0.871582	0.200928	0.352295	0.097721	0.003563	-0.008515	0.207066	-0.694606	-0.246047	-0.643512	161.366104	-84.790865	56.048129
51752		9.729941	0.436275	-0.860342	0.077036	-0.133713	-0.036264	0.019612	0.011811	0.003499	-0.870850	0.199707	0.341064	0.097299	0.004365	-0.008609	0.207158	-0.694569	-0.246096	-0.643503	161.388216	-84.794749	56.038021
51753		9.682254	0.410143	-0.865589	0.051651	-0.117455	-0.084016	0.018085	0.003571	0.000630	-0.870117	0.208740	0.347900	0.096822	0.004103	-0.008657	0.207075	-0.694491	-0.246261	-0.643551	161.146304	-84.790679	56.286990
51754		9.733205	0.371734	-0.908827	-0.003235	-0.109820	-0.030696	0.016181	0.013567	0.006477	-0.874512	0.205322	0.351807	0.097331	0.003721	-0.009095	0.207166	-0.694456	-0.246287	-0.643550	161.179788	-84.796064	56.263464
51755		9.694258	0.318474	-0.866904	-0.003686	-0.045393	-0.074643	0.018977	0.010341	0.003757	-0.877197	0.201416	0.342041	0.096942	0.003187	-0.008674	0.207238	-0.694458	-0.246344	-0.643502	161.222350	-84.793605	56.232068
51756		9.717948	0.367294	-0.867342	0.026645	-0.083280	-0.049590	0.022346	0.015761	0.000663	-0.878174	0.210693	0.349854	0.097179	0.003674	-0.008681	0.207335	-0.694402	-0.246408	-0.643507	161.220416	-84.799093	56.247651
51757		9.689544	0.369187	-0.846657	0.039328	-0.075143	-0.079589	0.018469	0.014133	0.002078	-0.876221	0.206787	0.354004	0.096895	0.003694	-0.008473	0.207435	-0.694239	-0.246544	-0.643599	161.065603	-84.813720	56.422451
51758		9.659288	0.358698	-0.858191	0.021909	-0.076905	-0.109049	0.015863	0.015441	0.002982	-0.874756	0.204590	0.343018	0.096592	0.003589	-0.008589	0.207517	-0.694194	-0.246579	-0.643608	161.073846	-84.819489	56.424100
51759		9.694792	0.317016	-0.861451	-0.005940	-0.042941	-0.074633	0.014084	0.016298	0.001812	-0.874023	0.202637	0.348633	0.096947	0.003172	-0.008622	0.207530	-0.694122	-0.246655	-0.643651	160.970463	-84.823788	56.535047
51760		9.675138	0.361469	-0.894079	-0.006492	-0.100354	-0.090125	0.005950	0.022100	0.001018	-0.872070	0.202637	0.349609	0.096750	0.003615	-0.008951	0.207579	-0.694064	-0.246658	-0.643698	160.947146	-84.832793	56.562675
51761		9.635595	0.381404	-0.860535	0.028065	-0.097063	-0.131754	-0.000980	0.018397	0.001771	-0.870605	0.207275	0.347412	0.096355	0.003815	-0.008614	0.207433	-0.694037	-0.246683	-0.643764	160.769517	-84.830240	56.729982
51762		9.643765	0.426954	-0.821546	0.086566	-0.109716	-0.125588	-0.004988	0.011511	0.005122	-0.867432	0.207275	0.341797	0.096437	0.004272	-0.008221	0.207444	-0.694029	-0.246647	-0.643783	160.785825	-84.834260	56.711498
51763		9.656907	0.420860	-0.800274	0.099781	-0.092492	-0.114497	-0.010867	0.016250	0.007120	-0.875977	0.204590	0.350342	0.096568	0.004212	-0.008011	0.207537	-0.693971	-0.246644	-0.643817	160.807785	-84.844937	56.697019
51764		9.633475	0.370910	-0.797183	0.070369	-0.053949	-0.139578	-0.014905	0.012953	0.010410	-0.871094	0.216064	0.350342	0.096334	0.003714	-0.007978	0.207532	-0.693975	-0.246557	-0.643847	160.847261	-84.850743	56.649589
51765		9.655962	0.334427	-0.820552	0.032925	-0.038670	-0.116287	-0.009533	0.012005	0.006731	-0.865723	0.201416	0.349609	0.096559	0.003347	-0.008211	0.207569	-0.694045	-0.246473	-0.643792	161.000668	-84.848738	56.492297
51766		9.730617	0.344970	-0.864694	0.007919	-0.069201	-0.037885	-0.012330	0.015231	0.009451	-0.872559	0.205566	0.343018	0.097305	0.003454	-0.008655	0.207573	-0.694037	-0.246396	-0.643828	161.031732	-84.855571	56.454803
51767		9.762961	0.366532	-0.818104	0.058425	-0.055130	-0.008984	-0.018624	0.012996	0.009946	-0.868652	0.210693	0.356445	0.097629	0.003669	-0.008188	0.207477	-0.694034	-0.246359	-0.643877	160.954506	-84.855902	56.520615
51768		9.764924	0.377969	-0.784405	0.091962	-0.044887	-0.009554	-0.027554	0.015659	0.011284	-0.862549	0.209229	0.348145	0.097648	0.003784	-0.007852	0.207434	-0.694044	-0.246226	-0.643931	160.986713	-84.863299	56.473199
51769		9.752637	0.310146	-0.793711	0.047687	0.001881	-0.023008	-0.030415	0.011665	0.008805	-0.876221	0.208740	0.340332	0.097526	0.003105	-0.007943	0.207370	-0.694261	-0.246020	-0.643797	161.270286	-84.847745	56.166728
51770		9.765758	0.303674	-0.772403	0.061165	0.019677	-0.011936	-0.023360	0.015403	0.013379	-0.878174	0.204590	0.353516	0.097657	0.003042	-0.007732	0.207348	-0.694270	-0.245892	-0.643843	161.319073	-84.855315	56.105066
51771		9.785099	0.330554	-0.745700	0.097820	0.015058	0.005851	-0.016845	0.012131	0.011126	-0.876465	0.197510	0.338379	0.097850	0.003310	-0.007463	0.207320	-0.694217	-0.245854	-0.643923	161.250675	-84.864387	56.167632
51772		9.748106	0.358643	-0.771948	0.092365	-0.027040	-0.027963	-0.020088	0.011971	0.012283	-0.876709	0.202148	0.349854	0.097480	0.003592	-0.007726	0.207302	-0.694232	-0.245745	-0.643954	161.301633	-84.869906	56.105678
51773		9.704892	0.353283	-0.803633	0.056617	-0.043696	-0.068435	-0.012299	0.011633	0.009522	-0.870117	0.203857	0.355957	0.097048	0.003537	-0.008042	0.207137	-0.694090	-0.245808	-0.644136	160.955393	-84.879485	56.443092
51774		9.676420	0.354705	-0.783392	0.072251	-0.035591	-0.098464	-0.009028	0.008204	0.008422	-0.872559	0.208740	0.344238	0.096764	0.003551	-0.007838	0.207140	-0.694101	-0.245752	-0.644145	160.996092	-84.882285	56.397781
51775		9.696203	0.309156	-0.748275	0.075005	0.024058	-0.083060	-0.004644	0.006035	0.008692	-0.880371	0.208252	0.356689	0.096962	0.003096	-0.007486	0.207075	-0.694190	-0.245702	-0.644089	161.060012	-84.872216	56.324245
51776		9.711897	0.311620	-0.786877	0.047290	-0.000777	-0.064098	-0.002392	0.004969	0.011486	-0.873047	0.205078	0.343994	0.097119	0.003122	-0.007871	0.207106	-0.694208	-0.245661	-0.644075	161.129751	-84.873796	56.253576
51777		9.670434	0.318535	-0.786870	0.049887	-0.008725	-0.105198	0.003592	0.009080	0.007498	-0.874756	0.203613	0.346924	0.096704	0.003189	-0.007873	0.207059	-0.694232	-0.245651	-0.644069	161.116675	-84.870013	56.261760
51778		9.674971	0.338916	-0.813053	0.042244	-0.041120	-0.097879	0.005872	0.004425	0.010347	-0.875244	0.200439	0.350098	0.096749	0.003394	-0.008133	0.207114	-0.694242	-0.245640	-0.644045	161.185251	-84.871066	56.196997
51779		9.662080	0.343618	-0.832543	0.027610	-0.055357	-0.108917	0.008640	0.004789	0.007570	-0.868896	0.207031	0.339111	0.096620	0.003440	-0.008328	0.206984	-0.694228	-0.245703	-0.644078	161.018339	-84.864545	56.358259
51780		9.695194	0.361907	-0.878163	0.004779	-0.095460	-0.071548	0.011884	0.004947	0.006415	-0.876221	0.213379	0.356445	0.096952	0.003623	-0.008784	0.207048	-0.694225	-0.245724	-0.644052	161.064940	-84.865143	56.318984
51781		9.679627	0.357785	-0.838584	0.034543	-0.070588	-0.090536	0.011884	0.004947	0.006415	-0.878906	0.205811	0.349609	0.096796	0.003581	-0.008388	0.207187	-0.694238	-0.245751	-0.643982	161.197954	-84.865364	56.200140
51782		9.711428	0.291233	-0.907175	-0.058295	-0.057387	-0.054977	0.016403	0.008037	0.004755	-0.877686	0.211670	0.347900	0.097114	0.002915	-0.009075	0.207265	-0.694219	-0.245790	-0.643963	161.231027	-84.867322	56.177063
51783		9.711076	0.363392	-0.915419	-0.021459	-0.119927	-0.052554	0.017204	0.011176	0.002627	-0.872314	0.207764	0.352539	0.097110	0.003636	-0.009159	0.207328	-0.694169	-0.245854	-0.643972	161.203566	-84.871058	56.215361
51784		9.647289	0.406693	-0.890579	0.021305	-0.144448	-0.116946	0.017395	0.009259	0.000807	-0.873291	0.201660	0.344238	0.096472	0.004068	-0.008910	0.207399	-0.694140	-0.245909	-0.643960	161.210765	-84.872952	56.218838
51785		9.647391	0.406461	-0.889574	0.021084	-0.142148	-0.116912	0.010407	0.012738	0.001437	-0.879150	0.207764	0.355225	0.096473	0.004066	-0.008902	0.207338	-0.694120	-0.245968	-0.643979	161.103001	-84.869470	56.326545
51786		9.644809	0.397114	-0.829303	0.062714	-0.099147	-0.124859	0.006334	0.013030	0.004665	-0.877686	0.208740	0.349854	0.096447	0.003974	-0.008299	0.207387	-0.694095	-0.245970	-0.643989	161.119079	-84.874108	56.314722
51787		9.638662	0.363217	-0.833641	0.039102	-0.074298	-0.131590	0.003473	0.009042	0.002178	-0.876465	0.207031	0.341553	0.096386	0.003633	-0.008341	0.207292	-0.694159	-0.245940	-0.643962	161.118439	-84.865053	56.304851
51788		9.682061	0.367215	-0.799827	0.070481	-0.054287	-0.091116	0.003117	0.009286	0.005875	-0.875488	0.209717	0.345703	0.096820	0.003675	-0.008003	0.207329	-0.694151	-0.245931	-0.643962	161.147698	-84.867859	56.277923
51789		9.767972	0.359883	-0.856511	0.023249	-0.077747	-0.000969	-0.001903	0.009989	0.005855	-0.870850	0.199463	0.344971	0.097679	0.003602	-0.008570	0.207429	-0.694034	-0.245991	-0.644033	161.078693	-84.881902	56.360405
51790		9.760080	0.313634	-0.892906	-0.034352	-0.064392	-0.007103	-0.007424	0.014486	0.004156	-0.870850	0.203857	0.344238	0.097600	0.003138	-0.008936	0.207430	-0.694017	-0.245949	-0.644067	161.080562	-84.887237	56.354937
51791		9.746304	0.322225	-0.820074	0.024650	-0.026689	-0.026704	-0.012444	0.015190	0.004137	-0.872070	0.205322	0.347900	0.097462	0.003224	-0.008208	0.207293	-0.693942	-0.245986	-0.644178	160.846996	-84.890551	56.579917
51792		9.792503	0.335346	-0.844455	0.014827	-0.049280	0.021743	-0.023150	0.018718	0.004294	-0.875488	0.209961	0.348145	0.097924	0.003355	-0.008454	0.207245	-0.693928	-0.245888	-0.644245	160.830990	-84.898200	56.583327
51793		9.781915	0.280366	-0.821012	-0.001395	0.007464	0.007622	-0.027532	0.020886	0.004024	-0.873047	0.212402	0.350586	0.097818	0.002804	-0.008221	0.207151	-0.693930	-0.245790	-0.644312	160.790225	-84.902617	56.607539
51794		9.761474	0.328244	-0.762029	0.072271	0.002558	-0.016281	-0.018629	0.021803	0.002643	-0.876465	0.198486	0.347412	0.097614	0.003283	-0.007631	0.207117	-0.693899	-0.245709	-0.644386	160.760114	-84.911615	56.627706
51795		9.737544	0.351633	-0.767547	0.079518	-0.020299	-0.038957	-0.019267	0.020336	0.002896	-0.871338	0.202393	0.347900	0.097375	0.003517	-0.007686	0.206964	-0.693904	-0.245639	-0.644457	160.653085	-84.911729	56.715661
51796		9.713613	0.375017	-0.773137	0.087025	-0.044976	-0.061633	-0.019267	0.020334	0.002898	-0.874512	0.206299	0.344238	0.097135	0.003751	-0.007742	0.206926	-0.693879	-0.245557	-0.644527	160.626837	-84.919958	56.731561
51797		9.680219	0.428367	-0.734241	0.146430	-0.065912	-0.096543	-0.017019	0.019266	0.005697	-0.879883	0.200928	0.339600	0.096801	0.004286	-0.007352	0.206829	-0.693836	-0.245528	-0.644616	160.498007	-84.924961	56.849399
51798		9.662921	0.412217	-0.725724	0.141966	-0.050259	-0.114957	-0.022818	0.013243	0.007855	-0.877686	0.205078	0.349121	0.096629	0.004125	-0.007264	0.206786	-0.693844	-0.245425	-0.644660	160.514620	-84.930298	56.820214
51799		9.674611	0.320940	-0.727787	0.081661	0.022412	-0.105803	-0.012944	0.010162	0.009774	-0.874756	0.207520	0.348389	0.096746	0.003214	-0.007283	0.206688	-0.693743	-0.245449	-0.644791	160.291037	-84.938990	57.037328
51800		9.716233	0.312237	-0.726224	0.079917	0.032612	-0.064733	-0.003350	0.005375	0.008245	-0.871826	0.204834	0.349365	0.097162	0.003126	-0.007265	0.206704	-0.693756	-0.245415	-0.644784	160.337572	-84.940179	56.989293
51801		9.660730	0.328014	-0.655194	0.144413	0.059594	-0.125470	0.005860	0.004415	0.010362	-0.866211	0.207275	0.341797	0.096607	0.003285	-0.006554	0.206672	-0.693818	-0.245399	-0.644734	160.388585	-84.932251	56.934289
51802		9.701943	0.391610	-0.663517	0.179612	0.006611	-0.081859	0.014481	-0.005185	0.012833	-0.874023	0.210938	0.346924	0.097019	0.003923	-0.006632	0.206752	-0.693853	-0.245418	-0.644664	160.496003	-84.928589	56.835370
51803		9.706519	0.411449	-0.690921	0.172361	-0.026457	-0.074476	0.013011	-0.006205	0.015159	-0.875000	0.208496	0.340332	0.097065	0.004122	-0.006906	0.206931	-0.693877	-0.245466	-0.644563	160.670004	-84.927203	56.680829
51804		9.628364	0.374115	-0.711093	0.132070	-0.015256	-0.151770	0.017697	-0.010256	0.018932	-0.870850	0.210449	0.346191	0.096284	0.003751	-0.007106	0.207035	-0.693932	-0.245480	-0.644465	160.826985	-84.921910	56.534020
51805		9.645802	0.387721	-0.719306	0.136582	-0.031122	-0.133348	0.025820	-0.016067	0.019732	-0.877197	0.209717	0.347656	0.096458	0.003888	-0.007185	0.207276	-0.693927	-0.245590	-0.644351	160.997379	-84.921437	56.393682
51806		9.747370	0.382060	-0.817677	0.063353	-0.078879	-0.024145	0.023711	-0.018553	0.022313	-0.870117	0.219482	0.342041	0.097474	0.003832	-0.008167	0.207402	-0.694007	-0.245620	-0.644213	161.195119	-84.912216	56.209437
51807		9.727802	0.424494	-0.854024	0.063810	-0.138667	-0.039439	0.009787	-0.018761	0.023676	-0.872803	0.204834	0.345947	0.097278	0.004257	-0.008531	0.207689	-0.694069	-0.245627	-0.644050	161.535741	-84.911425	55.894025
51808		9.655493	0.438736	-0.654882	0.229994	-0.035310	-0.127867	0.008957	-0.018315	0.025752	-0.867676	0.214111	0.348877	0.096555	0.004400	-0.006540	0.207776	-0.694168	-0.245597	-0.643927	161.744538	-84.902820	55.690233
51809		9.750210	0.310662	-0.873743	-0.011682	-0.059244	-0.018665	0.001540	-0.030610	0.032174	-0.874023	0.214600	0.346680	0.097503	0.003122	-0.008722	0.207852	-0.694346	-0.245549	-0.643729	162.041700	-84.884438	55.395831
51810		9.775636	0.136096	-0.941353	-0.166522	0.039979	0.007618	0.004156	-0.014299	0.016659	-0.872070	0.213379	0.351074	0.097757	0.001369	-0.009407	0.207898	-0.694425	-0.245532	-0.643635	162.182727	-84.876266	55.257311
51811		9.738576	0.163674	-0.970180	-0.170324	-0.003140	-0.026018	0.019360	-0.011170	0.014791	-0.871826	0.208984	0.347900	0.097386	0.001645	-0.009696	0.208086	-0.694507	-0.245558	-0.643476	162.439678	-84.868241	55.018822
51812		9.643331	0.253262	-1.092821	-0.215787	-0.155603	-0.107974	0.007051	-0.005092	0.011897	-0.872803	0.208740	0.348877	0.096433	0.002539	-0.010926	0.208138	-0.694548	-0.245556	-0.643416	162.535055	-84.864196	54.927818
51813		9.734153	0.121502	-1.159049	-0.343123	-0.083748	-0.015384	-0.006510	0.003282	0.002252	-0.874512	0.219971	0.353760	0.097341	0.001216	-0.011592	0.208079	-0.694568	-0.245562	-0.643411	162.498323	-84.859545	54.960107
51814		9.760864	0.125794	-0.994827	-0.209419	0.014095	-0.002696	-0.002975	0.013954	-0.002765	-0.870361	0.208008	0.349121	0.097608	0.001256	-0.009955	0.208072	-0.694540	-0.245560	-0.643445	162.462146	-84.863371	54.995412
51815		9.853742	0.241075	-0.930957	-0.082575	-0.032242	0.087473	-0.017699	0.019431	-0.006581	-0.875488	0.211670	0.345947	0.098537	0.002407	-0.009319	0.208046	-0.694586	-0.245481	-0.643433	162.526466	-84.862026	54.922167
51816		9.761747	0.215388	-0.876609	-0.061740	0.013983	-0.009498	-0.020797	0.024536	-0.007356	-0.869873	0.206543	0.343262	0.097616	0.002149	-0.008778	0.207976	-0.694537	-0.245426	-0.643530	162.432143	-84.870825	55.005606
51817		9.779693	0.392857	-0.775419	0.123243	-0.064802	0.004573	-0.022427	0.030657	-0.010457	-0.873047	0.209229	0.351318	0.097796	0.003923	-0.007770	0.207935	-0.694389	-0.245444	-0.643696	162.218930	-84.888592	55.216547
51818		9.775079	0.445122	-0.754723	0.168762	-0.094821	-0.000326	-0.040761	0.027401	-0.002111	-0.878174	0.215332	0.349121	0.097750	0.004449	-0.007562	0.207816	-0.694358	-0.245303	-0.643822	162.138399	-84.899850	55.274663
51819		9.714741	0.353324	-0.769172	0.097424	-0.035738	-0.061693	-0.037135	0.023725	-0.006906	-0.871338	0.212158	0.346191	0.097147	0.003528	-0.007704	0.207700	-0.694366	-0.245183	-0.643895	162.096296	-84.904298	55.296547
51820		9.662224	0.379898	-0.755326	0.120059	-0.052763	-0.114429	-0.029397	0.021735	-0.002458	-0.868164	0.201172	0.348145	0.096621	0.003797	-0.007564	0.207612	-0.694341	-0.245086	-0.643988	162.031110	-84.912388	55.345797
51821		9.687903	0.441509	-0.722435	0.183234	-0.079277	-0.089908	-0.021469	0.017832	0.000164	-0.878906	0.206787	0.343506	0.096878	0.004414	-0.007233	0.207498	-0.694331	-0.245045	-0.644051	161.930936	-84.913626	55.432638
51822		9.657878	0.359048	-0.725012	0.128713	-0.018002	-0.121852	-0.020785	0.012124	0.000015	-0.867920	0.210938	0.349609	0.096578	0.003590	-0.007256	0.207436	-0.694331	-0.244977	-0.644097	161.904589	-84.916899	55.447837
51823		9.650142	0.240667	-0.752735	0.033490	0.058699	-0.130477	-0.012857	0.008223	0.002635	-0.870605	0.205322	0.349121	0.096501	0.002407	-0.007531	0.207411	-0.694314	-0.244969	-0.644127	161.865469	-84.919121	55.484045
51824		9.638827	0.330937	-0.748597	0.091019	-0.011643	-0.139607	0.002010	0.008012	0.004525	-0.874268	0.212158	0.352051	0.096388	0.003312	-0.007490	0.207438	-0.694309	-0.244963	-0.644126	161.887923	-84.920959	55.463367
51825		9.632352	0.369797	-0.762271	0.104645	-0.050381	-0.143844	-0.002178	0.008273	0.002428	-0.873779	0.205811	0.350586	0.096323	0.003699	-0.007627	0.207376	-0.694372	-0.244937	-0.644087	161.913579	-84.912649	55.430289
51826		9.632613	0.296472	-0.753039	0.068065	0.013150	-0.146385	0.005905	-0.002771	0.010469	-0.878418	0.208008	0.343750	0.096326	0.002970	-0.007529	0.207422	-0.694405	-0.244934	-0.644038	161.996157	-84.909644	55.351473
51827		9.697951	0.336671	-0.753950	0.094776	-0.013628	-0.080119	0.009341	-0.004527	0.007492	-0.871582	0.216797	0.341309	0.096980	0.003371	-0.007537	0.207406	-0.694397	-0.245000	-0.644026	161.940205	-84.905379	55.411727
51828		9.661044	0.365000	-0.782025	0.089277	-0.055836	-0.113745	0.010284	-0.004945	0.010741	-0.871582	0.212891	0.353027	0.096610	0.003656	-0.007818	0.207465	-0.694433	-0.245013	-0.643964	162.030861	-84.901236	55.327312
51829		9.655875	0.327391	-0.879328	-0.007691	-0.086806	-0.111722	0.011115	-0.005392	0.008667	-0.874268	0.208008	0.344727	0.096559	0.003279	-0.008790	0.207671	-0.694482	-0.245040	-0.643835	162.267596	-84.898282	55.110602
51830		9.690840	0.357617	-0.893565	0.002663	-0.116890	-0.074871	0.014832	-0.005446	0.009140	-0.871094	0.209473	0.351563	0.096908	0.003581	-0.008933	0.207741	-0.694512	-0.245074	-0.643766	162.352030	-84.893549	55.035079
51831		9.727727	0.327293	-0.866518	0.008876	-0.073130	-0.041238	0.006567	-0.004892	0.010271	-0.881104	0.211670	0.347900	0.097277	0.003278	-0.008663	0.207753	-0.694555	-0.245101	-0.643706	162.398824	-84.886135	54.991782
51832		9.668889	0.246208	-0.851858	-0.030569	-0.004236	-0.103273	0.005793	-0.002801	0.005147	-0.871338	0.210693	0.344238	0.096689	0.002465	-0.008517	0.207782	-0.694582	-0.245116	-0.643662	162.448241	-84.882136	54.946211
51833		9.691004	0.282521	-0.885634	-0.034336	-0.052333	-0.077400	0.003829	-0.000025	0.005797	-0.871826	0.200928	0.344482	0.096910	0.002828	-0.008856	0.207863	-0.694540	-0.245170	-0.643660	162.453042	-84.886053	54.952884
51834		9.745410	0.268413	-0.864837	-0.023006	-0.024574	-0.025355	-0.002133	0.001103	0.002526	-0.878662	0.211670	0.347412	0.097454	0.002685	-0.008649	0.207861	-0.694559	-0.245165	-0.643642	162.474284	-84.883747	54.931057
51835		9.695682	0.303183	-0.912009	-0.043957	-0.083182	-0.069942	-0.008475	0.006055	0.002904	-0.865723	0.214111	0.352051	0.096957	0.003033	-0.009123	0.207776	-0.694498	-0.245201	-0.643722	162.308520	-84.887130	55.092634
51836		9.732633	0.273696	-0.883837	-0.037597	-0.040185	-0.036329	-0.014135	0.005299	0.003133	-0.871582	0.208984	0.344238	0.097326	0.002738	-0.008841	0.207739	-0.694517	-0.245152	-0.643732	162.318110	-84.887234	55.075595
51837		9.734417	0.285965	-0.850925	-0.002662	-0.029981	-0.037013	-0.014909	0.007390	-0.001991	-0.870605	0.207520	0.349609	0.097344	0.002858	-0.008513	0.207734	-0.694559	-0.245124	-0.643699	162.373990	-84.883324	55.016994
51838		9.734485	0.286344	-0.850014	-0.002222	-0.029592	-0.037011	-0.017344	0.010375	-0.002963	-0.860840	0.208984	0.344971	0.097344	0.002861	-0.008505	0.207672	-0.694558	-0.245080	-0.643737	162.334897	-84.885130	55.046994
51839		9.792209	0.370137	-0.772757	0.113070	-0.044301	0.016187	-0.016682	0.008253	-0.003163	-0.872559	0.210449	0.347168	0.097922	0.003699	-0.007732	0.207601	-0.694592	-0.245066	-0.643728	162.312718	-84.879488	55.061955
51840		9.750928	0.305792	-0.763639	0.078553	0.009336	-0.027444	-0.023835	0.010063	-0.000657	-0.868164	0.205322	0.345703	0.097509	0.003057	-0.007642	0.207523	-0.694601	-0.244993	-0.643771	162.284596	-84.881510	55.077201
51841		9.746357	0.284745	-0.735961	0.086382	0.043049	-0.034913	-0.021871	0.007287	-0.001308	-0.870605	0.208984	0.346436	0.097463	0.002846	-0.007363	0.207437	-0.694594	-0.244978	-0.643813	162.202743	-84.881265	55.150306
51842		9.754468	0.330741	-0.697339	0.144910	0.030584	-0.028854	-0.017984	0.008907	-0.002708	-0.868164	0.212891	0.346924	0.097544	0.003305	-0.006978	0.207372	-0.694598	-0.244932	-0.643847	162.167577	-84.882293	55.175989
51843		9.739941	0.324495	-0.748853	0.099917	0.003101	-0.039124	-0.025927	0.003989	0.001969	-0.863037	0.210693	0.349854	0.097399	0.003245	-0.007491	0.207359	-0.694630	-0.244880	-0.643837	162.215574	-84.881437	55.122372
51844		9.714420	0.263423	-0.779361	0.037294	0.031556	-0.063617	-0.019907	0.004509	-0.001958	-0.872314	0.209229	0.347900	0.097144	0.002633	-0.007796	0.207284	-0.694651	-0.244830	-0.643857	162.192598	-84.880199	55.134724
51845		9.703286	0.281696	-0.766641	0.059276	0.024682	-0.075299	-0.015999	0.002545	-0.003311	-0.875977	0.207764	0.342041	0.097033	0.002815	-0.007668	0.207233	-0.694721	-0.244804	-0.643807	162.235880	-84.871145	55.085053
51846		9.714451	0.264164	-0.778734	0.039660	0.032649	-0.063630	-0.010509	0.001626	-0.001666	-0.865234	0.206543	0.350586	0.097144	0.002640	-0.007788	0.207189	-0.694742	-0.244787	-0.643805	162.225856	-84.868372	55.089807
51847		9.677575	0.293723	-0.806214	0.033247	-0.009033	-0.097209	-0.006131	-0.000548	-0.001396	-0.873535	0.203125	0.350342	0.096776	0.002936	-0.008062	0.207146	-0.694734	-0.244834	-0.643810	162.153175	-84.864882	55.162919
51848		9.762298	0.290316	-0.772271	0.062571	0.021097	-0.015811	-0.005600	0.000894	-0.006969	-0.875732	0.208008	0.343018	0.097623	0.002900	-0.007723	0.207101	-0.694746	-0.244852	-0.643806	162.115133	-84.860779	55.198628
51849		9.680952	0.318867	-0.741700	0.098131	0.012677	-0.098634	-0.001752	-0.002721	-0.001127	-0.864746	0.203125	0.351807	0.096810	0.003188	-0.007416	0.207020	-0.694713	-0.244922	-0.643840	161.969061	-84.857820	55.343878
51850		9.671466	0.349191	-0.697389	0.151681	0.015440	-0.111023	-0.000089	-0.003610	-0.005279	-0.865723	0.206299	0.345703	0.096715	0.003489	-0.006972	0.206993	-0.694735	-0.244956	-0.643811	161.953142	-84.851559	55.360538
51851		9.712930	0.341474	-0.697160	0.150440	0.027427	-0.069985	-0.004315	-0.008584	-0.000131	-0.873047	0.204834	0.347656	0.097130	0.003415	-0.006968	0.206874	-0.694829	-0.244981	-0.643739	161.934303	-84.833857	55.371597
51852		9.687130	0.352872	-0.738054	0.124888	-0.007240	-0.091881	-0.000106	-0.012433	0.002011	-0.878418	0.205078	0.352539	0.096872	0.003530	-0.007375	0.206860	-0.694889	-0.244999	-0.643673	161.979555	-84.824062	55.326804
51853		9.685329	0.340487	-0.771589	0.090872	-0.015091	-0.091145	0.008630	-0.013194	0.002503	-0.874023	0.207764	0.358643	0.096854	0.003406	-0.007709	0.206753	-0.694931	-0.245067	-0.643634	161.895347	-84.810293	55.407945
51854		9.667544	0.397230	-0.775142	0.123405	-0.062603	-0.106973	0.012368	-0.016834	0.003021	-0.878418	0.199707	0.346680	0.096676	0.003974	-0.007743	0.206780	-0.694994	-0.245126	-0.643536	161.961942	-84.798275	55.348875
51855		9.676844	0.366883	-0.821464	0.069625	-0.062067	-0.094559	0.016916	-0.017333	0.001418	-0.871826	0.200439	0.350342	0.096769	0.003670	-0.008206	0.206625	-0.695076	-0.245206	-0.643467	161.871720	-84.777119	55.432959
51856		9.679758	0.303028	-0.873555	-0.008088	-0.041207	-0.088960	0.018711	-0.021785	0.002639	-0.855225	0.203369	0.344971	0.096798	0.003032	-0.008725	0.206666	-0.695147	-0.245292	-0.643344	161.948624	-84.762320	55.367148
51857		9.711691	0.324740	-0.830264	0.042550	-0.026489	-0.060292	0.025842	-0.020009	0.000085	-0.865967	0.205322	0.344727	0.097118	0.003249	-0.008293	0.206616	-0.695206	-0.245455	-0.643234	161.892517	-84.740901	55.433288
51858		9.709794	0.312287	-0.864421	0.009923	-0.036012	-0.059562	0.020633	-0.017390	0.001894	-0.875000	0.204346	0.347900	0.097099	0.003125	-0.008635	0.206667	-0.695261	-0.245545	-0.643124	161.956905	-84.728347	55.381121
51859		9.712698	0.248437	-0.916118	-0.069893	-0.014376	-0.053978	0.018197	-0.014406	0.000924	-0.866211	0.203369	0.356201	0.097128	0.002486	-0.009154	0.206682	-0.695235	-0.245704	-0.643086	161.869496	-84.720539	55.483529
51860		9.710649	0.308750	-0.958526	-0.065463	-0.087019	-0.050569	0.022062	-0.009200	-0.000528	-0.875000	0.208496	0.355713	0.097107	0.003088	-0.009580	0.206739	-0.695259	-0.245799	-0.643006	161.904277	-84.712025	55.461914
51861		9.728054	0.324240	-0.966247	-0.058726	-0.099476	-0.032071	0.012023	-0.007782	-0.000565	-0.866211	0.198730	0.355469	0.097281	0.003243	-0.009658	0.206593	-0.695398	-0.245807	-0.642900	161.919238	-84.688605	55.435515
51862		9.740893	0.318753	-0.946792	-0.045288	-0.081520	-0.021144	0.006207	-0.001393	-0.005757	-0.873779	0.208496	0.354492	0.097409	0.003185	-0.009467	0.206588	-0.695406	-0.245860	-0.642872	161.899202	-84.683378	55.459793
51863		9.747401	0.280195	-0.932510	-0.056494	-0.038031	-0.017012	0.003320	-0.001785	-0.008303	-0.878906	0.206543	0.349854	0.097474	0.002798	-0.009324	0.206365	-0.695498	-0.245884	-0.642835	161.786781	-84.663036	55.555459
51864		9.786072	0.263779	-0.872631	-0.017021	0.015010	0.015728	0.003109	0.003713	-0.006528	-0.867920	0.209229	0.354492	0.097861	0.002635	-0.008728	0.206353	-0.695493	-0.245925	-0.642829	161.750766	-84.660414	55.593961
51865		9.743017	0.187677	-0.896325	-0.084695	0.059428	-0.027275	-0.003495	0.003374	-0.009545	-0.873291	0.207031	0.349365	0.097430	0.001872	-0.008965	0.206259	-0.695504	-0.245959	-0.642834	161.662541	-84.653707	55.677180
51866		9.762081	0.289127	-0.879201	-0.009211	-0.008546	-0.006840	-0.003539	0.010547	-0.009644	-0.869873	0.206543	0.346680	0.097620	0.002886	-0.008797	0.206221	-0.695480	-0.245983	-0.642863	161.591481	-84.654221	55.747047
51867		9.768474	0.323849	-0.872668	0.014890	-0.030693	-0.000025	-0.017577	0.010313	-0.013602	-0.868164	0.208252	0.350586	0.097685	0.003231	-0.008732	0.206134	-0.695409	-0.246036	-0.642947	161.411585	-84.657237	55.923977
51868		9.773368	0.273973	-0.889100	-0.029751	0.000154	0.004818	-0.023280	0.016727	-0.013468	-0.875977	0.208252	0.348145	0.097733	0.002732	-0.008899	0.206023	-0.695381	-0.246003	-0.643026	161.294647	-84.660383	56.028566
51869		9.760832	0.208615	-0.898354	-0.079802	0.046112	-0.008815	-0.021810	0.017745	-0.015791	-0.869385	0.211914	0.351807	0.097608	0.002077	-0.008992	0.205938	-0.695318	-0.246018	-0.643116	161.141871	-84.665297	56.175172
51870		9.668497	0.256407	-0.853291	-0.022126	0.028833	-0.103292	-0.014702	0.023109	-0.018393	-0.870361	0.203125	0.354980	0.096684	0.002555	-0.008544	0.205849	-0.695254	-0.246023	-0.643212	160.988144	-84.670941	56.321652
51871		9.724488	0.329337	-0.807203	0.060685	0.004411	-0.049388	-0.007413	0.017743	-0.015527	-0.871094	0.210938	0.353760	0.097244	0.003286	-0.008081	0.205738	-0.695270	-0.246020	-0.643231	160.907792	-84.665791	56.392400
51872		9.730881	0.364633	-0.799877	0.086137	-0.017957	-0.042577	-0.003168	0.019129	-0.020626	-0.873291	0.210693	0.358887	0.097308	0.003636	-0.008008	0.205678	-0.695204	-0.246074	-0.643301	160.755617	-84.668788	56.543944
51873		9.662482	0.388771	-0.747470	0.139612	-0.009800	-0.114552	-0.000451	0.017847	-0.016204	-0.877930	0.200195	0.353027	0.096624	0.003880	-0.007483	0.205613	-0.695262	-0.246048	-0.643269	160.774205	-84.661067	56.517666
51874		9.627307	0.431571	-0.741243	0.167107	-0.042186	-0.148783	0.004232	0.013792	-0.012436	-0.875977	0.201416	0.351318	0.096273	0.004310	-0.007419	0.205597	-0.695216	-0.246102	-0.643302	160.684879	-84.662678	56.610340
51875		9.675453	0.385732	-0.724847	0.151509	0.010890	-0.103644	0.007030	0.010573	-0.015163	-0.865234	0.204102	0.351074	0.096754	0.003850	-0.007253	0.205400	-0.695159	-0.246202	-0.643389	160.400897	-84.656953	56.886027
51876		9.603587	0.384758	-0.738189	0.135983	-0.001096	-0.174048	0.018339	0.003278	-0.008328	-0.875000	0.205811	0.358154	0.096036	0.003844	-0.007383	0.205433	-0.695138	-0.246299	-0.643365	160.364591	-84.653618	56.933538
51877		9.608164	0.406748	-0.764876	0.129710	-0.031907	-0.166473	0.018363	-0.000308	-0.008279	-0.871582	0.200439	0.347168	0.096082	0.004064	-0.007648	0.205353	-0.695217	-0.246355	-0.643283	160.356485	-84.636477	56.939820
51878		9.623904	0.410741	-0.804250	0.102048	-0.056532	-0.147211	0.022576	-0.004153	-0.006134	-0.874023	0.203369	0.352295	0.096239	0.004105	-0.008040	0.205398	-0.695217	-0.246465	-0.643225	160.350707	-84.629527	56.959081
51879		9.697264	0.337370	-0.873215	0.005700	-0.031576	-0.070397	0.016748	-0.006590	-0.004032	-0.868164	0.203125	0.353027	0.096973	0.003372	-0.008729	0.205337	-0.695205	-0.246596	-0.643208	160.226572	-84.619563	57.089289
51880		9.721261	0.314096	-0.866237	-0.000878	-0.005940	-0.047858	0.025653	-0.005671	-0.005408	-0.872559	0.211670	0.350342	0.097213	0.003139	-0.008659	0.205394	-0.695208	-0.246715	-0.643141	160.229772	-84.611928	57.101288
51881		9.749534	0.384956	-0.894768	0.022434	-0.075951	-0.014935	0.020137	-0.001174	-0.007103	-0.873291	0.198242	0.347900	0.097496	0.003847	-0.008947	0.205431	-0.695236	-0.246809	-0.643063	160.253782	-84.602359	57.088647
51882		9.736979	0.318247	-0.905745	-0.027157	-0.029908	-0.028578	0.010847	0.001731	-0.002077	-0.867920	0.206787	0.356934	0.097370	0.003182	-0.009058	0.205456	-0.695235	-0.246861	-0.643036	160.252439	-84.599352	57.096686
51883		9.741908	0.267292	-0.923335	-0.071973	0.002684	-0.023735	0.008962	0.002560	-0.008572	-0.876953	0.201416	0.348877	0.097419	0.002669	-0.009234	0.205340	-0.695256	-0.246930	-0.643024	160.143738	-84.587854	57.201519
51884		9.746503	0.289459	-0.949771	-0.079599	-0.029569	-0.016109	0.004110	0.004937	-0.010469	-0.868896	0.207520	0.349365	0.097465	0.002890	-0.009500	0.205318	-0.695241	-0.246987	-0.643025	160.084187	-84.584921	57.264125
51885		9.717894	0.292639	-0.929832	-0.065254	-0.021155	-0.046266	0.000814	0.011950	-0.009418	-0.876709	0.199951	0.350098	0.097179	0.002922	-0.009304	0.205281	-0.695170	-0.247068	-0.643083	159.937695	-84.587173	57.414345
51886		9.682692	0.335168	-0.924046	-0.037788	-0.053583	-0.080451	-0.002542	0.011759	-0.013589	-0.867676	0.210205	0.348633	0.096827	0.003345	-0.009246	0.205235	-0.695136	-0.247107	-0.643120	159.842385	-84.587276	57.509040
51887		9.691057	0.309506	-0.875981	-0.016915	-0.002582	-0.077214	-0.012776	0.015078	-0.011813	-0.874512	0.212402	0.349854	0.096910	0.003089	-0.008767	0.205160	-0.695079	-0.247139	-0.643192	159.699633	-84.589990	57.648089
51888		9.731034	0.290929	-0.905785	-0.051579	-0.001962	-0.035395	-0.013550	0.017164	-0.016932	-0.873291	0.197266	0.346191	0.097310	0.002900	-0.009066	0.205072	-0.695035	-0.247149	-0.643264	159.567508	-84.592291	57.773428
51889		9.728190	0.283451	-0.845203	-0.011322	0.041142	-0.043830	-0.010640	0.013975	-0.014333	-0.873535	0.205322	0.353760	0.097282	0.002827	-0.008459	0.205015	-0.694946	-0.247218	-0.643353	159.387830	-84.597056	57.954029
51890		9.760239	0.307415	-0.798192	0.040180	0.053906	-0.015272	-0.008832	0.018339	-0.020400	-0.864014	0.205566	0.344482	0.097602	0.003064	-0.007991	0.204933	-0.694888	-0.247254	-0.643427	159.235791	-84.599227	58.102092
51891		9.737889	0.345013	-0.771599	0.081041	0.039068	-0.038600	-0.009221	0.022162	-0.016749	-0.874268	0.206299	0.343750	0.097378	0.003442	-0.007727	0.204893	-0.694827	-0.247294	-0.643490	159.114237	-84.602892	58.223672
51892		9.762080	0.323264	-0.761866	0.074463	0.064729	-0.016085	-0.010969	0.019436	-0.017873	-0.873535	0.199707	0.340576	0.097620	0.003223	-0.007628	0.204813	-0.694771	-0.247313	-0.643568	158.972668	-84.606101	58.359989
51893		9.766758	0.346558	-0.786716	0.063669	0.031927	-0.008428	-0.006889	0.019149	-0.021092	-0.877197	0.198730	0.344971	0.097667	0.003455	-0.007877	0.204827	-0.694557	-0.247489	-0.643728	158.665909	-84.620980	58.682713
51894		9.738144	0.350806	-0.765742	0.079149	0.039854	-0.038587	-0.010135	0.018987	-0.019942	-0.871094	0.208496	0.343994	0.097381	0.003498	-0.007667	0.204742	-0.694499	-0.247519	-0.643806	158.513067	-84.623441	58.830852
51895		9.709523	0.354964	-0.744797	0.092571	0.047391	-0.068728	0.000544	0.019054	-0.020136	-0.873535	0.206299	0.352539	0.097095	0.003540	-0.007457	0.204759	-0.694329	-0.247674	-0.643925	158.267906	-84.634121	59.090550
51896		9.693261	0.425953	-0.713059	0.158104	0.009764	-0.085195	0.001513	0.015055	-0.016841	-0.866943	0.200684	0.355957	0.096932	0.004251	-0.007138	0.204721	-0.694275	-0.247734	-0.643971	158.147497	-84.635075	59.212829
51897		9.675819	0.412042	-0.705221	0.155355	0.026488	-0.103735	-0.000007	0.006832	-0.019745	-0.866455	0.204346	0.352783	0.096758	0.004111	-0.007056	0.204566	-0.694347	-0.247750	-0.643937	158.088820	-84.619488	59.259843
51898		9.626001	0.448182	-0.752293	0.136743	-0.033427	-0.147963	0.010244	0.005502	-0.009052	-0.870850	0.209961	0.350342	0.096260	0.004478	-0.007525	0.204571	-0.694325	-0.247822	-0.643931	158.039529	-84.616980	59.315694
51899		9.630570	0.470453	-0.778790	0.131373	-0.065954	-0.140350	0.008696	0.000864	-0.012003	-0.872559	0.199707	0.355957	0.096306	0.004699	-0.007788	0.204596	-0.694388	-0.247872	-0.643837	158.114309	-84.605943	59.247586
51900		9.628947	0.459120	-0.811077	0.098732	-0.075430	-0.139538	0.011410	-0.000407	-0.007583	-0.873291	0.201904	0.352783	0.096290	0.004588	-0.008110	0.204602	-0.694386	-0.247948	-0.643807	158.087733	-84.600599	59.281298
51901		9.581179	0.434076	-0.817681	0.076822	-0.060590	-0.187385	0.015323	-0.002364	-0.008929	-0.878418	0.200439	0.344971	0.095812	0.004337	-0.008175	0.204473	-0.694461	-0.247998	-0.643748	158.042255	-84.582869	59.320231
51902		9.624243	0.438960	-0.785051	0.108299	-0.040136	-0.147197	0.021783	-0.007264	-0.003983	-0.869141	0.199707	0.349854	0.096243	0.004389	-0.007847	0.204518	-0.694475	-0.248102	-0.643679	158.057418	-84.574627	59.317957
51903		9.659020	0.470341	-0.799733	0.116984	-0.069186	-0.110163	0.020173	-0.013541	0.000258	-0.872559	0.196533	0.343262	0.096591	0.004704	-0.007990	0.204525	-0.694463	-0.248247	-0.643634	157.992994	-84.565357	59.395569
51904		9.647646	0.488001	-0.788863	0.137438	-0.076402	-0.121826	0.020173	-0.013542	0.000259	-0.875977	0.206543	0.355225	0.096477	0.004881	-0.007882	0.204571	-0.694504	-0.248337	-0.643540	158.044843	-84.554693	59.355511
51905		9.701969	0.474114	-0.769314	0.147884	-0.047629	-0.069962	0.017670	-0.012202	0.006476	-0.867432	0.212402	0.350342	0.097020	0.004745	-0.007687	0.204591	-0.694526	-0.248426	-0.643476	158.053465	-84.545805	59.356381
51906		9.740235	0.441164	-0.834506	0.080162	-0.056877	-0.027313	0.010296	-0.019282	0.005621	-0.873291	0.204346	0.356934	0.097403	0.004415	-0.008335	0.204612	-0.694602	-0.248471	-0.643369	158.141858	-84.533230	59.273921
51907		9.755970	0.443611	-0.875185	0.055041	-0.081827	-0.007996	0.008872	-0.013096	0.013163	-0.876465	0.204590	0.352051	0.097560	0.004443	-0.008745	0.204698	-0.694752	-0.248432	-0.643196	158.402255	-84.519805	59.017697
51908		9.738971	0.354108	-0.860688	0.013453	-0.003127	-0.029357	0.004882	-0.014759	0.009241	-0.873535	0.203125	0.350586	0.097390	0.003546	-0.008600	0.204717	-0.694823	-0.248443	-0.643107	158.496844	-84.510342	58.925895
51909		9.716383	0.388808	-0.837541	0.053610	-0.017627	-0.052690	0.005990	-0.013499	0.010616	-0.871094	0.198242	0.355957	0.097164	0.003893	-0.008369	0.204722	-0.694888	-0.248461	-0.643030	158.567338	-84.500899	58.857459
51910		9.769114	0.362103	-0.850185	0.032009	0.000617	-0.000017	-0.004052	-0.012102	0.010562	-0.879395	0.204834	0.355469	0.097691	0.003626	-0.008496	0.204718	-0.694962	-0.248436	-0.642960	158.657722	-84.493104	58.764734
51911		9.738764	0.351008	-0.864298	0.014575	0.000228	-0.029359	-0.001669	-0.007910	0.011437	-0.869385	0.203369	0.348633	0.097388	0.003516	-0.008639	0.204591	-0.695076	-0.248372	-0.642902	158.702543	-84.479033	58.703747
51912		9.784827	0.363701	-0.891113	0.004967	-0.021863	0.019337	-0.010485	-0.010786	0.005666	-0.875488	0.200195	0.358643	0.097849	0.003639	-0.008906	0.204550	-0.695147	-0.248342	-0.642850	158.758770	-84.470887	58.641605
51913		9.771914	0.368644	-0.911814	-0.007668	-0.037786	0.008520	-0.007826	-0.004887	0.009987	-0.872559	0.211426	0.348633	0.097719	0.003691	-0.009116	0.204450	-0.695231	-0.248287	-0.642812	158.788976	-84.460867	58.598286
51914		9.748263	0.318713	-0.910872	-0.037255	0.000564	-0.016846	-0.008768	-0.004476	0.006741	-0.875488	0.206787	0.349365	0.097483	0.003190	-0.009107	0.204426	-0.695281	-0.248252	-0.642779	158.838253	-84.456294	58.544094
51915		9.748266	0.318188	-0.911027	-0.036802	-0.000363	-0.016844	-0.011875	0.000622	0.005966	-0.870361	0.199951	0.353271	0.097483	0.003184	-0.009111	0.204524	-0.695273	-0.248244	-0.642760	158.915540	-84.461070	58.474415
51916		9.707212	0.253141	-0.902610	-0.071403	0.053082	-0.060722	-0.010707	0.003519	0.000148	-0.869873	0.205078	0.359375	0.097072	0.002531	-0.009028	0.204483	-0.695291	-0.248218	-0.642764	158.910410	-84.459417	58.473796
51917		9.708881	0.265470	-0.869957	-0.036737	0.064817	-0.061579	-0.001803	0.004445	-0.001223	-0.869873	0.207520	0.350342	0.097089	0.002654	-0.008702	0.204361	-0.695376	-0.248177	-0.642726	158.917461	-84.447515	58.452973
51918		9.720871	0.405307	-0.867482	0.050731	-0.043443	-0.045002	-0.003773	0.007217	-0.000574	-0.872803	0.194092	0.355225	0.097208	0.004053	-0.008678	0.204345	-0.695375	-0.248172	-0.642735	158.904523	-84.447669	58.464168
51919		9.692252	0.407663	-0.847645	0.065699	-0.034395	-0.075186	-0.011206	0.007309	-0.001524	-0.871826	0.205322	0.344482	0.096922	0.004075	-0.008480	0.204219	-0.695389	-0.248154	-0.642767	158.819745	-84.443207	58.536637
51920		9.657411	0.376607	-0.833429	0.056123	-0.003741	-0.112231	-0.014895	0.003770	-0.001950	-0.868652	0.200195	0.352051	0.096574	0.003765	-0.008336	0.204157	-0.695408	-0.248121	-0.642779	158.800100	-84.441225	58.548150
