// General information: 
//  MT Manager version: 2019.2.0 
//  XDA version: 2019.2.0 build 3853 rev 94535 built on 2019-09-09
// Device information: 
//  DeviceId: 00B4778F
//  ProductCode: MTW2-3A7G6
//  Firmware Version: 4.6.0
//  Hardware Version: 2.0.0
// Device settings: 
//  Filter Profile: human(46.1)
//  Option Flags: Orientation Smoother Disabled, AHS Disabled, ICC Disabled
// Coordinate system: ENU
PacketCounter	SampleTimeFine	Acc_X	Acc_Y	Acc_Z	FreeAcc_E	FreeAcc_N	FreeAcc_U	Gyr_X	Gyr_Y	Gyr_Z	Mag_X	Mag_Y	Mag_Z	VelInc_X	VelInc_Y	VelInc_Z	Quat_q0	Quat_q1	Quat_q2	Quat_q3	Roll	Pitch	Yaw
51656		8.850997	-1.150438	4.133739	0.044561	-0.016809	0.023429	0.001761	-0.005166	0.007776	-0.741699	0.029785	-0.845947	0.088509	-0.011501	0.041340	0.843459	-0.050577	-0.534069	0.028089	-15.201222	-63.908099	13.330679
51657		8.857495	-1.155422	4.110216	0.068149	-0.021787	0.019860	0.000636	-0.003532	0.007392	-0.746094	0.027344	-0.838623	0.088575	-0.011551	0.041104	0.843447	-0.050592	-0.534085	0.028124	-15.210256	-63.909234	13.341398
51658		8.800747	-1.132165	4.141311	0.012194	-0.001364	-0.020586	0.007796	-0.002332	0.007669	-0.736084	0.034180	-0.842041	0.088007	-0.011320	0.041414	0.843344	-0.050642	-0.534240	0.028160	-15.237273	-63.928279	13.367316
51659		8.778655	-1.124946	4.133956	0.009562	0.003438	-0.044382	0.004871	0.003983	0.004947	-0.744141	0.025391	-0.848145	0.087788	-0.011248	0.041338	0.843354	-0.050634	-0.534224	0.028195	-15.238882	-63.925680	13.372449
51660		8.760749	-1.063276	4.168869	-0.028391	0.066732	-0.052796	0.006930	-0.004670	0.005369	-0.737061	0.026123	-0.841309	0.087607	-0.010632	0.041690	0.843365	-0.050790	-0.534196	0.028131	-15.262279	-63.920634	13.377578
51661		8.750516	-1.113660	4.148919	-0.015916	0.014925	-0.064620	-0.000876	-0.012663	0.006316	-0.748047	0.033691	-0.834961	0.087503	-0.011134	0.041495	0.843328	-0.050807	-0.534250	0.028160	-15.273919	-63.927007	13.390167
51662		8.756725	-1.096721	4.068804	0.053224	0.030004	-0.094948	0.008122	-0.015661	0.003491	-0.742188	0.030273	-0.837891	0.087564	-0.010967	0.040694	0.843155	-0.050913	-0.534513	0.028162	-15.316371	-63.959983	13.424201
51663		8.750944	-1.092542	4.090583	0.029519	0.034985	-0.091399	-0.000615	-0.016637	0.004400	-0.740967	0.030518	-0.838867	0.087506	-0.010923	0.040913	0.843108	-0.050924	-0.534586	0.028185	-15.327077	-63.968909	13.435870
51664		8.810456	-1.089488	4.078893	0.060386	0.045860	-0.043207	0.003650	-0.018965	0.005130	-0.747559	0.035645	-0.845947	0.088101	-0.010893	0.040797	0.842961	-0.051087	-0.534803	0.028153	-15.374479	-63.995545	13.467180
51665		8.803380	-1.134037	4.135197	0.004468	0.004218	-0.020580	0.003428	-0.014507	0.001607	-0.738281	0.031494	-0.842285	0.088031	-0.011340	0.041358	0.842920	-0.051075	-0.534867	0.028174	-15.379190	-64.003762	13.474705
51666		8.840892	-1.123003	4.116151	0.035485	0.022121	0.003802	0.011958	-0.019163	0.003066	-0.744629	0.032959	-0.846680	0.088405	-0.011231	0.041169	0.842852	-0.051438	-0.534950	0.027991	-15.440094	-64.012237	13.490259
51667		8.894155	-1.115060	4.127431	0.046070	0.035966	0.055526	0.002804	-0.021064	0.000111	-0.736328	0.020264	-0.841064	0.088937	-0.011151	0.041284	0.842794	-0.051424	-0.535042	0.028006	-15.445721	-64.024294	13.498300
51668		8.973679	-1.146178	4.101867	0.102495	0.010382	0.119852	0.005702	-0.017540	-0.000348	-0.734131	0.031006	-0.843018	0.089733	-0.011463	0.041026	0.842791	-0.051315	-0.535055	0.028039	-15.427437	-64.027055	13.491820
51669		8.969150	-1.092717	4.089362	0.111018	0.062013	0.104288	0.004091	-0.007471	-0.002337	-0.749268	0.023193	-0.842529	0.089690	-0.010929	0.040897	0.842770	-0.051291	-0.535089	0.028043	-15.425237	-64.031957	13.491994
51670		8.976553	-1.118434	4.121499	0.084626	0.038131	0.127511	-0.002879	-0.003283	-0.002262	-0.739014	0.031982	-0.835693	0.089765	-0.011185	0.041217	0.842769	-0.051247	-0.535096	0.028040	-15.415669	-64.033530	13.485793
51671		8.971682	-1.065131	4.109693	0.093146	0.089761	0.111950	-0.004874	-0.003985	-0.004943	-0.746826	0.029053	-0.842041	0.089716	-0.010653	0.041099	0.842756	-0.051254	-0.535118	0.028008	-15.414530	-64.036899	13.481445
51672		8.962645	-1.066255	4.055446	0.134971	0.086553	0.081091	-0.008463	-0.004706	-0.003719	-0.737305	0.029053	-0.843750	0.089625	-0.010662	0.040557	0.842661	-0.051440	-0.535255	0.027910	-15.451951	-64.053752	13.495333
51673		8.949293	-1.035614	4.045681	0.137922	0.114775	0.061405	-0.005534	-0.000694	-0.009615	-0.743164	0.028809	-0.846191	0.089492	-0.010359	0.040457	0.842657	-0.051438	-0.535264	0.027856	-15.444961	-64.056057	13.484013
51674		8.923084	-0.996346	4.082475	0.096496	0.153552	0.048745	-0.018120	0.001583	-0.005559	-0.736816	0.030029	-0.849121	0.089231	-0.009962	0.040825	0.842735	-0.051600	-0.535135	0.027682	-15.447549	-64.039627	13.458613
51675		8.901173	-0.988792	4.074832	0.093872	0.158367	0.024942	-0.020963	-0.001217	-0.013261	-0.741699	0.026123	-0.852539	0.089011	-0.009890	0.040750	0.842726	-0.051653	-0.535150	0.027571	-15.445433	-64.042727	13.442857
51676		8.936036	-1.004585	4.035801	0.150460	0.143177	0.041574	-0.023198	0.002295	-0.016747	-0.747070	0.022217	-0.844482	0.089360	-0.010049	0.040358	0.842917	-0.051786	-0.534850	0.027287	-15.414282	-64.006264	13.376824
51677		8.877213	-1.007288	4.046186	0.116058	0.134407	-0.006586	-0.024982	0.007218	-0.021802	-0.750732	0.025146	-0.837646	0.088772	-0.010078	0.040460	0.842931	-0.051835	-0.534831	0.027127	-15.402106	-64.005889	13.347302
51678		8.841563	-0.968170	4.029833	0.110809	0.163874	-0.049951	-0.022482	0.010058	-0.028849	-0.742920	0.031006	-0.845459	0.088416	-0.009690	0.040295	0.842801	-0.051487	-0.535067	0.027172	-15.349182	-64.041647	13.327185
51679		8.841392	-0.966543	4.030600	0.110736	0.163886	-0.049951	-0.028299	0.012840	-0.031115	-0.734863	0.022217	-0.841797	0.088415	-0.009673	0.040302	0.842831	-0.051525	-0.535028	0.026963	-15.326458	-64.039665	13.283914
51680		8.813623	-0.974943	4.102796	0.036843	0.154218	-0.043437	-0.033887	0.011158	-0.029862	-0.744385	0.025391	-0.846191	0.088137	-0.009756	0.041025	0.842929	-0.051509	-0.534885	0.026748	-15.283804	-64.024916	13.224673
51681		8.783093	-0.988628	4.097871	0.028645	0.135620	-0.071361	-0.029558	0.009558	-0.037298	-0.739990	0.025635	-0.840332	0.087831	-0.009897	0.040976	0.842950	-0.051535	-0.534861	0.026510	-15.255765	-64.025620	13.174702
51682		8.766424	-1.032429	4.101815	0.017347	0.086709	-0.079591	-0.036211	-0.000097	-0.035983	-0.736816	0.029297	-0.839111	0.087662	-0.010333	0.041020	0.842943	-0.051416	-0.534892	0.026337	-15.208493	-64.034585	13.122947
51683		8.819369	-1.022766	4.114164	0.027968	0.100507	-0.027863	-0.030115	-0.006861	-0.035647	-0.741699	0.028564	-0.833496	0.088190	-0.010237	0.041146	0.842920	-0.051446	-0.534936	0.026109	-15.187605	-64.044100	13.080626
51684		8.830719	-1.056869	4.045714	0.091017	0.062786	-0.042623	-0.034408	-0.005041	-0.030941	-0.747559	0.021729	-0.838867	0.088305	-0.010575	0.040461	0.842838	-0.051560	-0.535066	0.025870	-15.189582	-64.063712	13.053378
51685		8.809815	-1.069789	4.093722	0.038110	0.049376	-0.039665	-0.028462	0.007160	-0.028769	-0.742676	0.026611	-0.836670	0.088098	-0.010705	0.040936	0.842852	-0.051603	-0.535050	0.025672	-15.171242	-64.064468	13.014933
51686		8.803529	-1.064340	4.116972	0.009415	0.051321	-0.036099	-0.030235	0.001743	-0.025222	-0.745361	0.029053	-0.841064	0.088034	-0.010648	0.041171	0.842714	-0.051360	-0.535292	0.025667	-15.134438	-64.100114	12.998191
51687		8.830121	-1.102283	4.079840	0.053598	0.013133	-0.023504	-0.028243	0.002444	-0.022537	-0.747070	0.026123	-0.842041	0.088300	-0.011027	0.040799	0.842713	-0.051418	-0.535295	0.025497	-15.124394	-64.102623	12.969191
51688		8.786158	-1.086447	4.065020	0.044976	0.022277	-0.071086	-0.025352	0.005975	-0.022988	-0.748535	0.020508	-0.843750	0.087862	-0.010869	0.040649	0.842628	-0.051411	-0.535436	0.025365	-15.115204	-64.123702	12.949667
51689		8.799004	-1.093902	4.018842	0.092162	0.012318	-0.078133	-0.021086	0.003659	-0.022261	-0.747803	0.025879	-0.847900	0.087990	-0.010945	0.040188	0.842633	-0.051440	-0.535433	0.025215	-15.100987	-64.125551	12.920600
51690		8.873509	-1.092580	4.039391	0.103160	0.017443	-0.002558	-0.024259	0.003846	-0.017169	-0.744629	0.021240	-0.839600	0.088735	-0.010929	0.040394	0.842581	-0.051128	-0.535541	0.025282	-15.049107	-64.143325	12.900240
51691		8.886405	-1.100423	3.993007	0.150349	0.007511	-0.009598	-0.025111	0.001501	-0.019480	-0.739990	0.035645	-0.836670	0.088863	-0.011008	0.039931	0.842578	-0.051180	-0.535547	0.025133	-15.040877	-64.145986	12.875359
51692		8.869046	-1.123754	3.940719	0.186845	-0.020730	-0.044539	-0.023325	-0.003423	-0.014431	-0.738525	0.034668	-0.846436	0.088689	-0.011239	0.039410	0.842490	-0.051277	-0.535684	0.024976	-15.050763	-64.165311	12.864137
51693		8.915148	-1.111181	3.976826	0.173672	-0.002009	0.010731	-0.019833	0.006668	-0.013362	-0.748047	0.023682	-0.840332	0.089152	-0.011114	0.039766	0.842502	-0.051324	-0.535666	0.024866	-15.044929	-64.164244	12.845272
51694		8.959807	-1.147603	4.048032	0.128144	-0.029382	0.085010	-0.019225	0.013221	-0.011848	-0.731445	0.028320	-0.839111	0.089600	-0.011477	0.040475	0.842526	-0.051440	-0.535623	0.024716	-15.046950	-64.159511	12.825126
51695		8.941147	-1.085601	4.084509	0.089284	0.032177	0.076542	-0.015462	0.019342	-0.012706	-0.747803	0.026611	-0.841553	0.089415	-0.010859	0.040837	0.842573	-0.051472	-0.535552	0.024617	-15.035505	-64.151333	12.802789
51696		8.972838	-1.042841	4.112883	0.079534	0.078424	0.112164	-0.017937	0.016725	-0.008388	-0.743652	0.023438	-0.842529	0.089731	-0.010428	0.041122	0.842623	-0.051477	-0.535475	0.024539	-15.020689	-64.142493	12.781028
51697		8.946148	-1.089594	4.064494	0.113131	0.026478	0.073029	-0.019581	0.026535	-0.007635	-0.738037	0.026367	-0.843018	0.089466	-0.010895	0.040634	0.842687	-0.051541	-0.535373	0.024449	-15.015186	-64.129573	12.762679
51698		8.864322	-1.085577	4.069381	0.076976	0.019749	0.000989	-0.006128	0.026906	-0.012089	-0.742188	0.027832	-0.835449	0.088648	-0.010860	0.040682	0.842777	-0.051291	-0.535253	0.024500	-14.958622	-64.116597	12.731064
51699		8.812860	-1.066200	4.079854	0.048166	0.034326	-0.043092	-0.008226	0.024969	-0.001173	-0.751221	0.020752	-0.841064	0.088134	-0.010661	0.040788	0.842839	-0.051323	-0.535153	0.024468	-14.954400	-64.103578	12.721428
51700		8.799007	-1.121295	3.985266	0.122788	-0.030446	-0.089202	-0.003243	0.020109	-0.003937	-0.747070	0.031006	-0.835205	0.087994	-0.011214	0.039844	0.842716	-0.051042	-0.535368	0.024592	-14.924547	-64.133989	12.725395
51701		8.741279	-1.097669	4.018537	0.070330	-0.010947	-0.129795	0.007456	0.021839	-0.002138	-0.743164	0.031006	-0.847900	0.087417	-0.010979	0.040175	0.842774	-0.051005	-0.535281	0.024599	-14.911145	-64.122954	12.715614
51702		8.748781	-1.074509	4.018631	0.071963	0.014392	-0.125596	0.006981	0.020178	0.002150	-0.742432	0.031982	-0.850830	0.087492	-0.010746	0.040177	0.842722	-0.051183	-0.535351	0.024493	-14.940930	-64.131328	12.721824
51703		8.743554	-1.043031	4.064659	0.030037	0.047670	-0.114443	0.014189	0.011818	0.002876	-0.738281	0.026123	-0.843506	0.087438	-0.010432	0.040641	0.842753	-0.051130	-0.535305	0.024541	-14.932546	-64.125153	12.721857
51704		8.816798	-1.020577	4.030486	0.095749	0.075423	-0.065510	0.005265	0.005172	0.006128	-0.744141	0.031982	-0.842773	0.088169	-0.010204	0.040302	0.842833	-0.051179	-0.535174	0.024542	-14.934170	-64.107129	12.719424
51705		8.830314	-1.051402	4.039990	0.092618	0.047158	-0.045876	0.004606	-0.001867	0.010056	-0.739746	0.027832	-0.848389	0.088303	-0.010511	0.040400	0.842825	-0.051184	-0.535184	0.024599	-14.943628	-64.107428	12.733170
51706		8.911030	-1.055626	4.037595	0.129503	0.052233	0.026188	0.003261	0.004217	0.006157	-0.738037	0.025391	-0.849121	0.089111	-0.010554	0.040374	0.842841	-0.051301	-0.535149	0.024559	-14.961550	-64.101699	12.738040
51707		8.919178	-1.033381	4.036062	0.134896	0.075627	0.030355	-0.000775	0.002064	0.008938	-0.740723	0.026123	-0.841064	0.089193	-0.010330	0.040360	0.842842	-0.051326	-0.535143	0.024596	-14.971656	-64.099974	12.749049
51708		8.964211	-1.000087	4.016851	0.173833	0.110750	0.058982	-0.001202	0.000895	0.007783	-0.740967	0.026367	-0.841797	0.089643	-0.009997	0.040168	0.842892	-0.051180	-0.535072	0.024710	-14.949941	-64.090790	12.749001
51709		8.979512	-1.004054	4.047894	0.152574	0.110840	0.086284	-0.003698	0.008364	0.006222	-0.741943	0.024170	-0.848145	0.089797	-0.010037	0.040475	0.842910	-0.051211	-0.535041	0.024726	-14.956621	-64.085958	12.754381
51710		8.926728	-1.012939	4.035406	0.142201	0.094781	0.034537	-0.008858	0.007839	0.008620	-0.745850	0.029297	-0.846436	0.089269	-0.010124	0.040351	0.842934	-0.051057	-0.535012	0.024851	-14.937773	-64.082213	12.758663
51711		8.942036	-1.017301	4.066322	0.120943	0.094849	0.061839	-0.011473	0.000336	0.007134	-0.748779	0.027832	-0.842773	0.089421	-0.010167	0.040664	0.842928	-0.051122	-0.535016	0.024851	-14.952302	-64.081694	12.767867
51712		8.959356	-1.058205	3.975482	0.205882	0.051595	0.043745	-0.009065	0.002212	0.010981	-0.736816	0.030762	-0.843262	0.089595	-0.010575	0.039754	0.842816	-0.051176	-0.535185	0.024881	-14.980148	-64.102671	12.793768
51713		8.861394	-1.101462	3.982160	0.158084	0.000746	-0.036690	-0.007547	0.011588	0.009362	-0.739746	0.028564	-0.839600	0.088617	-0.011009	0.039817	0.842841	-0.051231	-0.535140	0.024899	-14.991571	-64.095653	12.802019
51714		8.871886	-1.074576	4.058147	0.095266	0.034716	0.001758	-0.005297	0.008329	0.010127	-0.746338	0.026367	-0.839600	0.088721	-0.010740	0.040578	0.842865	-0.051365	-0.535091	0.024852	-15.011191	-64.087980	12.806653
51715		8.864309	-1.049263	4.026344	0.121790	0.057998	-0.021355	0.002566	0.007009	0.006930	-0.734375	0.024658	-0.840088	0.088645	-0.010490	0.040260	0.842880	-0.051371	-0.535065	0.024888	-15.015459	-64.083848	12.813373
51716		8.849049	-1.068603	4.052078	0.090516	0.037067	-0.022011	0.001845	0.009560	0.010423	-0.735352	0.022217	-0.845215	0.088493	-0.010682	0.040516	0.842848	-0.051173	-0.535127	0.025041	-14.996993	-64.092272	12.824153
51717		8.842189	-1.065393	4.075846	0.066725	0.041957	-0.018522	0.003187	0.003473	0.014321	-0.743652	0.029297	-0.841797	0.088423	-0.010648	0.040757	0.842853	-0.051195	-0.535114	0.025110	-15.010337	-64.089039	12.841413
51718		8.835383	-1.062360	4.099446	0.043506	0.044558	-0.015026	0.007174	0.005132	0.016984	-0.749023	0.026123	-0.845703	0.088356	-0.010618	0.040992	0.842880	-0.050998	-0.535081	0.025312	-14.991997	-64.084126	12.856164
51719		8.885375	-1.082728	4.091981	0.072038	0.029914	0.029081	0.008486	0.008880	0.017726	-0.743896	0.024658	-0.843262	0.088857	-0.010821	0.040915	0.842900	-0.051007	-0.535044	0.025408	-15.004441	-64.077396	12.875850
51720		8.864775	-1.049156	4.106705	0.047643	0.060424	0.012997	0.013220	0.008232	0.014175	-0.740723	0.037842	-0.842529	0.088650	-0.010488	0.041063	0.842823	-0.050731	-0.535180	0.025652	-14.986349	-64.095235	12.901037
51721		8.879706	-1.053465	4.138391	0.026335	0.060427	0.040276	0.012906	0.011702	0.021541	-0.741699	0.026123	-0.844238	0.088801	-0.010528	0.041378	0.842851	-0.050732	-0.535130	0.025776	-14.999691	-64.086440	12.924595
51722		8.889459	-1.004578	4.158867	0.012508	0.114257	0.052130	0.014348	0.006598	0.014556	-0.733154	0.035156	-0.847412	0.088897	-0.010042	0.041585	0.842840	-0.050932	-0.535131	0.025724	-15.036687	-64.084460	12.940649
51723		8.854674	-1.075267	4.111363	0.040754	0.038974	0.008798	0.005768	0.010471	0.021240	-0.740723	0.035645	-0.841553	0.088550	-0.010744	0.041109	0.842863	-0.050962	-0.535087	0.025828	-15.054213	-64.076388	12.964259
51724		8.884530	-1.061132	4.117890	0.050776	0.061860	0.036753	0.007662	0.006783	0.012691	-0.747559	0.032471	-0.841064	0.088847	-0.010607	0.041175	0.842937	-0.051409	-0.534938	0.025614	-15.112877	-64.053709	12.967854
51725		8.965111	-1.065870	4.115786	0.087267	0.065798	0.108857	0.003459	-0.000498	0.012391	-0.748779	0.031250	-0.846436	0.089652	-0.010654	0.041158	0.842931	-0.051425	-0.534943	0.025677	-15.125128	-64.052966	12.984023
51726		8.964805	-1.066569	4.116271	0.081465	0.067327	0.108896	0.007021	0.010071	0.008019	-0.740234	0.029785	-0.841797	0.089651	-0.010664	0.041158	0.842800	-0.051557	-0.535137	0.025650	-15.164450	-64.077002	13.010198
51727		8.950494	-1.036481	4.108467	0.084339	0.095547	0.089277	0.007884	0.022483	0.004445	-0.740234	0.026123	-0.844971	0.089510	-0.010364	0.041074	0.842858	-0.051536	-0.535047	0.025685	-15.158159	-64.064814	13.008528
51728		8.963290	-1.066914	4.119480	0.080714	0.066145	0.108910	0.007932	0.012895	0.004885	-0.736328	0.028564	-0.847656	0.089636	-0.010669	0.041189	0.842878	-0.051418	-0.535021	0.025770	-15.141855	-64.061761	13.009093
51729		8.925684	-1.078193	4.138467	0.048924	0.052473	0.084388	0.008555	0.019436	0.006394	-0.743164	0.027588	-0.839600	0.089261	-0.010781	0.041376	0.842928	-0.051399	-0.534944	0.025816	-15.138308	-64.050976	13.010924
51730		8.895712	-1.044656	4.100384	0.072699	0.079646	0.037517	0.009468	0.022260	0.003259	-0.737305	0.030762	-0.844727	0.088962	-0.010447	0.040993	0.842978	-0.051290	-0.534871	0.025884	-15.118215	-64.041859	13.005504
51731		8.855288	-1.061270	4.043012	0.109413	0.056003	-0.021198	0.007149	0.024777	0.010648	-0.737549	0.021973	-0.852539	0.088558	-0.010609	0.040419	0.843041	-0.051288	-0.534770	0.025942	-15.118645	-64.027491	13.010881
51732		8.810741	-1.068660	4.085974	0.057578	0.045203	-0.042272	0.009616	0.027136	0.009051	-0.729492	0.026611	-0.839355	0.088113	-0.010685	0.040847	0.843211	-0.051082	-0.534514	0.026105	-15.077014	-63.994040	12.999807
51733		8.809608	-1.068968	4.088335	0.057433	0.045165	-0.042271	0.013442	0.023657	0.008638	-0.734375	0.028809	-0.844971	0.088101	-0.010689	0.040872	0.843272	-0.051048	-0.534417	0.026173	-15.071813	-63.980545	13.002976
51734		8.762694	-1.081309	4.054120	0.073423	0.025581	-0.097551	0.014997	0.023190	0.010175	-0.740723	0.036865	-0.838379	0.087632	-0.010812	0.040530	0.843416	-0.050963	-0.534195	0.026244	-15.047036	-63.951353	12.991170
51735		8.728603	-1.038393	4.116277	0.005311	0.068572	-0.106721	0.017701	0.021340	0.009377	-0.739014	0.033447	-0.846924	0.087291	-0.010383	0.041153	0.843472	-0.050912	-0.534106	0.026327	-15.040893	-63.938990	12.996021
51736		8.762700	-1.054866	4.079372	0.052306	0.057902	-0.089887	0.012743	0.016371	0.015287	-0.732666	0.021973	-0.846436	0.087631	-0.010545	0.040786	0.843439	-0.051316	-0.534128	0.026156	-15.107877	-63.938713	13.015194
51737		8.718056	-1.040421	4.065621	0.047203	0.067546	-0.137489	0.016164	0.011973	0.011005	-0.735596	0.027832	-0.842773	0.087184	-0.010403	0.040650	0.843470	-0.051277	-0.534079	0.026244	-15.107452	-63.931312	13.025331
51738		8.763220	-1.028759	4.103407	0.036085	0.083385	-0.082216	0.013897	0.014983	0.012950	-0.746094	0.025391	-0.846191	0.087636	-0.010285	0.041027	0.843571	-0.051005	-0.533935	0.026452	-15.065715	-63.912774	13.023488
51739		8.786540	-1.009706	4.133334	0.020276	0.106854	-0.050751	0.012380	0.005867	0.011862	-0.742920	0.031006	-0.843506	0.087867	-0.010094	0.041330	0.843585	-0.050982	-0.533912	0.026535	-15.070170	-63.908602	13.036706
51740		8.784308	-1.037558	4.112525	0.033671	0.077899	-0.058393	0.004772	0.003242	0.013127	-0.741699	0.024902	-0.843018	0.087844	-0.010371	0.041124	0.843462	-0.050936	-0.534105	0.026639	-15.087667	-63.932914	13.066765
51741		8.866902	-1.015174	4.131767	0.051932	0.110161	0.021396	0.005059	-0.000473	0.008489	-0.746338	0.026367	-0.848145	0.088669	-0.010149	0.041318	0.843457	-0.050934	-0.534110	0.026689	-15.094463	-63.932820	13.077928
51742		8.912108	-0.981948	4.112747	0.085163	0.144928	0.050189	0.000118	0.004634	0.008509	-0.738770	0.029541	-0.848145	0.089122	-0.009816	0.041125	0.843364	-0.050727	-0.534268	0.026864	-15.083921	-63.953713	13.099139
51743		8.881334	-0.998035	4.107617	0.077053	0.126314	0.022189	-0.003243	0.009522	0.007347	-0.744385	0.031494	-0.837158	0.088816	-0.009976	0.041072	0.843383	-0.050758	-0.534234	0.026885	-15.091092	-63.948321	13.105475
51744		8.872364	-1.021542	4.110412	0.067618	0.103831	0.018005	-0.005456	0.013026	0.003853	-0.736572	0.037109	-0.851318	0.088727	-0.010213	0.041099	0.843308	-0.050907	-0.534342	0.026792	-15.118954	-63.961939	13.113268
51745		8.853596	-1.116655	4.149160	0.024307	0.010201	0.028446	-0.006977	0.003913	0.002767	-0.727539	0.028076	-0.845459	0.088537	-0.011164	0.041490	0.843312	-0.050941	-0.534333	0.026785	-15.124856	-63.960384	13.115783
51746		8.841082	-1.194099	4.108760	0.060068	-0.067790	0.008937	0.000174	0.005124	0.003069	-0.735840	0.024414	-0.849121	0.088412	-0.011940	0.041085	0.843462	-0.051197	-0.534081	0.026613	-15.139529	-63.926193	13.094693
51747		8.856355	-1.197126	4.139859	0.038718	-0.067731	0.036194	0.012320	0.001721	-0.002086	-0.740967	0.027588	-0.850098	0.088564	-0.011975	0.041397	0.843466	-0.051137	-0.534079	0.026637	-15.129593	-63.926494	13.091825
51748		8.861305	-1.249643	4.151523	0.031928	-0.121662	0.051575	0.016314	0.003367	0.000577	-0.738770	0.027588	-0.847168	0.088614	-0.012500	0.041513	0.843525	-0.050860	-0.534004	0.026799	-15.085462	-63.917934	13.084114
51749		8.858084	-1.168871	4.161883	0.022115	-0.041683	0.043831	0.020080	-0.000604	0.005610	-0.735840	0.020508	-0.851074	0.088581	-0.011690	0.041618	0.843524	-0.050787	-0.534009	0.026878	-15.080398	-63.918352	13.091667
51750		8.913531	-1.241265	4.165326	0.044404	-0.111210	0.103328	0.021147	-0.002726	0.011436	-0.736328	0.025879	-0.846924	0.089135	-0.012412	0.041653	0.843578	-0.050424	-0.533944	0.027157	-15.033931	-63.910419	13.098567
51751		8.919921	-1.245821	4.142424	0.067919	-0.116172	0.099862	0.026008	0.001247	0.016399	-0.738525	0.024170	-0.843994	0.089200	-0.012456	0.041422	0.843582	-0.050355	-0.533937	0.027296	-15.036973	-63.908189	13.118998
51752		8.938388	-1.173431	4.160695	0.060707	-0.043272	0.115935	0.029778	0.007093	0.018253	-0.739502	0.021973	-0.852783	0.089386	-0.011732	0.041602	0.843606	-0.050076	-0.533912	0.027556	-15.009084	-63.904538	13.135934
51753		8.866633	-1.254719	4.130740	0.057393	-0.132186	0.048030	0.024585	0.006337	0.023360	-0.736572	0.029785	-0.844482	0.088669	-0.012542	0.041303	0.843622	-0.050031	-0.533882	0.027720	-15.019183	-63.898466	13.163365
51754		8.908486	-1.141102	4.122330	0.085878	-0.016621	0.069073	0.044332	0.005281	0.019651	-0.739990	0.028564	-0.840088	0.089087	-0.011411	0.041218	0.843675	-0.049747	-0.533810	0.028010	-14.990958	-63.888207	13.182821
51755		8.840647	-1.167928	4.134833	0.046180	-0.048903	0.016525	0.024137	0.004919	0.024921	-0.743652	0.021729	-0.851807	0.088409	-0.011673	0.041345	0.843687	-0.049708	-0.533786	0.028180	-15.003434	-63.882678	13.212648
51756		8.816898	-1.053475	4.159704	0.013029	0.062510	-0.007252	0.042086	0.018096	0.018401	-0.742676	0.031982	-0.844482	0.088174	-0.010535	0.041587	0.843670	-0.049420	-0.533825	0.028451	-14.979708	-63.887543	13.235480
51757		8.828397	-0.976585	4.202080	-0.018103	0.142476	0.012339	0.032435	0.014293	0.022416	-0.743164	0.028564	-0.839355	0.088288	-0.009763	0.042013	0.843709	-0.049340	-0.533761	0.028630	-14.981732	-63.877242	13.259000
51758		8.736389	-1.023217	4.186227	-0.047633	0.088506	-0.071750	0.020818	0.010042	0.021027	-0.741699	0.026855	-0.851807	0.087367	-0.010227	0.041857	0.843582	-0.049516	-0.533947	0.028607	-15.030147	-63.899458	13.291003
51759		8.750828	-1.005754	4.162225	-0.018668	0.106970	-0.070980	0.013686	0.009088	0.018008	-0.740967	0.021973	-0.843994	0.087511	-0.010053	0.041618	0.843602	-0.049503	-0.533910	0.028719	-15.039609	-63.892757	13.310796
51760		8.723479	-0.946115	4.143932	-0.014191	0.161564	-0.110106	0.009226	0.006039	0.016919	-0.737061	0.024414	-0.848633	0.087237	-0.009456	0.041436	0.843577	-0.049310	-0.533956	0.028940	-15.030389	-63.897898	13.336037
51761		8.729627	-0.951551	4.121410	0.009315	0.156615	-0.113551	0.004105	0.006030	0.013871	-0.737305	0.026611	-0.846924	0.087298	-0.009510	0.041211	0.843588	-0.049325	-0.533934	0.029010	-15.041543	-63.893528	13.351644
51762		8.744674	-0.956157	4.152539	-0.011078	0.155411	-0.086287	-0.010246	0.003401	0.015994	-0.731934	0.027100	-0.854492	0.087448	-0.009552	0.041524	0.843615	-0.049293	-0.533887	0.029120	-15.045861	-63.886017	13.367825
51763		8.712100	-1.000122	4.125591	-0.000918	0.108492	-0.121988	-0.011956	-0.001012	0.008678	-0.741455	0.025879	-0.841553	0.087121	-0.009995	0.041257	0.843604	-0.049361	-0.533899	0.029126	-15.062439	-63.886303	13.379251
51764		8.705596	-0.997024	4.148315	-0.023443	0.112596	-0.118527	-0.021540	-0.004065	0.004541	-0.736572	0.038330	-0.842041	0.087055	-0.009964	0.041486	0.843619	-0.049389	-0.533872	0.029132	-15.067434	-63.882227	13.382412
51765		8.749357	-0.991794	4.107010	0.031649	0.121330	-0.097405	-0.030003	-0.008751	0.000793	-0.732178	0.023193	-0.842041	0.087492	-0.009911	0.041075	0.843584	-0.049511	-0.533920	0.029059	-15.087774	-63.887950	13.386526
51766		8.822117	-1.019954	4.105557	0.062179	0.103463	-0.029483	-0.032855	-0.011779	-0.004197	-0.739502	0.027344	-0.849121	0.088219	-0.010195	0.041062	0.843532	-0.049852	-0.533986	0.028774	-15.128733	-63.896262	13.375450
51767		8.846636	-1.001428	4.132834	0.046262	0.126838	0.001991	-0.039324	-0.015775	-0.005261	-0.734619	0.033691	-0.837891	0.088463	-0.010008	0.041337	0.843476	-0.049997	-0.534066	0.028653	-15.149801	-63.906775	13.374380
51768		8.904259	-1.026475	4.100016	0.097411	0.108373	0.042686	-0.049146	-0.014881	-0.007493	-0.728516	0.032471	-0.843262	0.089039	-0.010258	0.041009	0.843396	-0.050322	-0.534177	0.028375	-15.191498	-63.921214	13.366080
51769		8.970632	-1.050267	4.121305	0.104620	0.093713	0.114081	-0.045309	-0.008554	-0.011082	-0.740234	0.032959	-0.851563	0.089704	-0.010498	0.041219	0.843359	-0.050477	-0.534230	0.028211	-15.207270	-63.928618	13.355265
51770		8.979944	-1.049800	4.174059	0.062428	0.100542	0.144734	-0.044355	-0.005494	-0.016940	-0.744141	0.028564	-0.842773	0.089797	-0.010496	0.041745	0.843409	-0.050830	-0.534136	0.027871	-15.231945	-63.916821	13.322330
51771		8.969808	-1.100260	4.153748	0.074992	0.048745	0.132847	-0.043504	-0.003425	-0.011925	-0.744873	0.017334	-0.853516	0.089697	-0.010999	0.041541	0.843386	-0.050977	-0.534167	0.027707	-15.244211	-63.921474	13.308708
51772		8.974923	-1.153898	4.164508	0.064114	-0.007281	0.148221	-0.036544	0.002225	-0.015147	-0.741211	0.030029	-0.843506	0.089749	-0.011538	0.041646	0.843318	-0.050655	-0.534298	0.027819	-15.198509	-63.941829	13.299123
51773		8.942108	-1.174548	4.081800	0.124595	-0.035676	0.086058	-0.029638	0.007380	-0.012930	-0.737549	0.027100	-0.841064	0.089422	-0.011745	0.040816	0.843328	-0.050742	-0.534282	0.027685	-15.198234	-63.940699	13.280487
51774		8.854501	-1.166145	4.107621	0.061953	-0.035690	0.017344	-0.021618	0.010909	-0.010324	-0.738525	0.033203	-0.851318	0.088547	-0.011662	0.041073	0.843287	-0.050741	-0.534352	0.027591	-15.190445	-63.951615	13.265040
51775		8.817272	-1.177098	4.125554	0.030215	-0.049424	-0.007246	-0.019379	0.007646	-0.009551	-0.749268	0.033691	-0.834229	0.088174	-0.011771	0.041253	0.843299	-0.050793	-0.534332	0.027498	-15.188015	-63.949863	13.250567
51776		8.810546	-1.172532	4.149174	0.001452	-0.042858	-0.003795	-0.011082	0.007471	-0.011577	-0.739990	0.026855	-0.847900	0.088106	-0.011728	0.041489	0.843181	-0.051006	-0.534510	0.027267	-15.216379	-63.974110	13.242041
51777		8.808238	-1.177443	4.072243	0.069851	-0.052725	-0.037876	-0.006436	-0.003752	-0.003791	-0.743652	0.027344	-0.846924	0.088081	-0.011775	0.040724	0.843165	-0.051018	-0.534536	0.027236	-15.216647	-63.977859	13.238779
51778		8.810254	-1.150013	4.093521	0.050468	-0.026435	-0.030214	-0.000605	0.003541	-0.007390	-0.741699	0.023682	-0.844727	0.088103	-0.011503	0.040934	0.843142	-0.050787	-0.534589	0.027345	-15.184511	-63.986465	13.234959
51779		8.832135	-1.157051	4.101385	0.052726	-0.031378	-0.006416	0.004048	0.002141	-0.002772	-0.733887	0.029541	-0.850830	0.088322	-0.011573	0.041013	0.843144	-0.050757	-0.534588	0.027345	-15.178052	-63.986821	13.230943
51780		8.816754	-1.153250	4.070763	0.075318	-0.033492	-0.033656	0.007862	-0.001335	-0.003177	-0.741211	0.037109	-0.838379	0.088167	-0.011536	0.040708	0.843179	-0.050493	-0.534550	0.027499	-15.138277	-63.983254	13.225906
51781		8.811826	-1.099280	4.059673	0.083555	0.018156	-0.048963	0.017022	0.000819	-0.002897	-0.746338	0.028076	-0.843994	0.088118	-0.010998	0.040595	0.843181	-0.050408	-0.534553	0.027534	-15.124569	-63.984344	13.222143
51782		8.813635	-1.071497	4.081467	0.059851	0.047801	-0.041261	0.017175	0.005689	0.002890	-0.743164	0.033691	-0.845215	0.088138	-0.010717	0.040811	0.843052	-0.050530	-0.534750	0.027429	-15.151131	-64.010236	13.230025
51783		8.789886	-1.112288	4.108899	0.025111	0.005769	-0.046333	0.021884	0.004785	0.002071	-0.737305	0.029785	-0.838135	0.087900	-0.011126	0.041086	0.843065	-0.050438	-0.534735	0.027496	-15.139141	-64.008457	13.231233
51784		8.769670	-1.077488	4.123121	0.001378	0.039992	-0.062476	0.017755	0.001899	0.012999	-0.741211	0.021973	-0.847168	0.087698	-0.010773	0.041229	0.842990	-0.050546	-0.534844	0.027466	-15.166362	-64.021696	13.247050
51785		8.782575	-1.086262	4.077192	0.048534	0.030153	-0.069288	0.015801	0.001449	0.007588	-0.745605	0.030762	-0.837646	0.087826	-0.010863	0.040770	0.842992	-0.050494	-0.534843	0.027541	-15.165204	-64.020971	13.256398
51786		8.726944	-1.013873	4.074361	0.024350	0.094712	-0.128765	0.017533	0.006101	0.012194	-0.744141	0.030762	-0.844971	0.087271	-0.010137	0.040740	0.842896	-0.050270	-0.535003	0.027753	-15.156158	-64.041883	13.283730
51787		8.742147	-1.017573	4.105389	0.002875	0.094638	-0.101567	0.006179	-0.002114	0.008876	-0.744873	0.030518	-0.850830	0.087421	-0.010173	0.041054	0.842885	-0.050262	-0.535018	0.027809	-15.163056	-64.042996	13.295946
51788		8.808087	-1.040673	4.127809	0.007833	0.080509	-0.030170	0.003987	-0.008180	0.005837	-0.740967	0.032959	-0.845703	0.088079	-0.010405	0.041281	0.842801	-0.050305	-0.535146	0.027822	-15.183571	-64.058962	13.314025
51789		8.829974	-1.026841	4.078952	0.060413	0.094104	-0.032699	-0.001587	-0.009602	0.004353	-0.737305	0.020264	-0.846436	0.088298	-0.010266	0.040794	0.842769	-0.050317	-0.535195	0.027840	-15.192133	-64.064917	13.323125
51790		8.904675	-1.027201	4.098930	0.073254	0.101320	0.042970	-0.010725	-0.011503	0.001358	-0.734863	0.026367	-0.849609	0.089044	-0.010269	0.040995	0.842740	-0.050198	-0.535246	0.027931	-15.181941	-64.071876	13.330415
51791		8.964109	-1.024234	4.087896	0.106956	0.110038	0.091436	-0.016704	-0.013842	-0.003997	-0.739990	0.025391	-0.842529	0.089638	-0.010241	0.040886	0.842694	-0.050250	-0.535317	0.027874	-15.190929	-64.081427	13.330393
51792		8.994871	-1.009249	4.092869	0.116151	0.126624	0.119500	-0.016948	-0.000064	-0.005253	-0.745850	0.032471	-0.843262	0.089948	-0.010091	0.040930	0.842728	-0.050100	-0.535275	0.027946	-15.164522	-64.076907	13.322416
51793		9.036727	-1.051870	4.086777	0.139032	0.088498	0.159447	-0.023457	0.005262	-0.004057	-0.738525	0.034180	-0.840332	0.090368	-0.010516	0.040867	0.842731	-0.050183	-0.535266	0.027866	-15.171341	-64.075887	13.315724
51794		9.016596	-1.017641	4.100725	0.114923	0.123443	0.143321	-0.020299	0.004823	-0.006417	-0.740967	0.022217	-0.844971	0.090167	-0.010175	0.041006	0.842649	-0.050492	-0.535381	0.027578	-15.208578	-64.091369	13.303376
51795		9.032535	-1.106887	4.044542	0.171875	0.033617	0.144197	-0.027014	0.004777	-0.005572	-0.736816	0.025635	-0.843018	0.090326	-0.011066	0.040445	0.842650	-0.050586	-0.535376	0.027483	-15.215941	-64.090885	13.294972
51796		8.929339	-1.095775	4.039888	0.133016	0.031474	0.048136	-0.022144	0.018566	-0.003772	-0.742432	0.030273	-0.846191	0.089297	-0.010955	0.040392	0.842688	-0.050332	-0.535331	0.027632	-15.177230	-64.086252	13.289696
51797		8.885030	-1.102923	4.082007	0.077619	0.022562	0.026847	-0.018778	0.023496	-0.005781	-0.747314	0.021240	-0.851807	0.088855	-0.011028	0.040811	0.842742	-0.050393	-0.535246	0.027553	-15.173765	-64.075454	13.274575
51798		8.820414	-1.053439	4.082112	0.050739	0.063150	-0.036875	-0.016314	0.016030	-0.004207	-0.746582	0.026611	-0.842773	0.088207	-0.010533	0.040815	0.842740	-0.050161	-0.535261	0.027720	-15.146352	-64.078157	13.280379
51799		8.767490	-1.061588	4.069808	0.040331	0.049424	-0.088741	-0.017232	0.013202	-0.001077	-0.740479	0.029541	-0.842041	0.087678	-0.010613	0.040693	0.842766	-0.050226	-0.535218	0.027668	-15.150473	-64.072367	13.274733
51800		8.782314	-1.065346	4.101620	0.015184	0.048195	-0.061547	-0.011633	0.014877	-0.002308	-0.738281	0.029541	-0.840576	0.087826	-0.010652	0.041010	0.842697	-0.050177	-0.535330	0.027657	-15.146458	-64.088128	13.273961
51801		8.737938	-1.050643	4.087398	0.010175	0.057896	-0.109143	-0.011436	0.010421	0.001210	-0.735107	0.029541	-0.849609	0.087382	-0.010504	0.040870	0.842716	-0.050223	-0.535298	0.027631	-15.150710	-64.083585	13.272178
51802		8.768216	-1.035877	4.093402	0.018747	0.075989	-0.081066	-0.006490	-0.004252	0.001641	-0.740479	0.034424	-0.842041	0.087681	-0.010357	0.040936	0.842726	-0.050225	-0.535283	0.027626	-15.149366	-64.081689	13.270261
51803		8.818779	-1.055630	4.085076	0.047005	0.061282	-0.036845	-0.012715	-0.002638	-0.001802	-0.740479	0.030518	-0.850586	0.088187	-0.010555	0.040853	0.842710	-0.050267	-0.535306	0.027587	-15.154929	-64.084806	13.269125
51804		8.790204	-1.044165	4.100700	0.020186	0.071867	-0.057271	-0.009172	0.007413	-0.000733	-0.737793	0.034180	-0.847656	0.087904	-0.010440	0.041004	0.842708	-0.050414	-0.535301	0.027468	-15.170776	-64.083949	13.262784
51805		8.769870	-1.009826	4.115093	-0.000733	0.104933	-0.073419	-0.011837	0.009507	-0.002661	-0.743164	0.030762	-0.846191	0.087701	-0.010097	0.041147	0.842725	-0.050452	-0.535273	0.027424	-15.171148	-64.080484	13.256409
51806		8.805278	-1.048166	4.131902	-0.001831	0.072473	-0.030104	-0.016940	-0.009900	-0.002110	-0.736572	0.041260	-0.849854	0.088051	-0.010479	0.041324	0.842681	-0.050608	-0.535333	0.027300	-15.192933	-64.088151	13.254893
51807		8.892853	-1.034970	4.049858	0.108267	0.090097	0.012561	-0.013128	-0.013374	-0.002514	-0.738281	0.030762	-0.843994	0.088926	-0.010348	0.040505	0.842637	-0.050648	-0.535402	0.027259	-15.201311	-64.097317	13.256572
51808		8.855620	-1.024583	4.011230	0.128278	0.097294	-0.038445	-0.016567	0.010150	0.000875	-0.734619	0.032471	-0.844727	0.088558	-0.010242	0.040109	0.842691	-0.051004	-0.535296	0.026995	-15.236051	-64.082544	13.239741
51809		8.818645	-1.058304	4.084675	0.046176	0.064938	-0.036864	-0.013216	0.005263	0.002035	-0.742432	0.031982	-0.846680	0.088188	-0.010579	0.040845	0.842695	-0.051060	-0.535285	0.026969	-15.243960	-64.080697	13.240775
51810		8.816685	-1.086280	4.063118	0.064539	0.036978	-0.044508	-0.013687	-0.005974	0.006759	-0.738037	0.031738	-0.842285	0.088166	-0.010857	0.040635	0.842678	-0.051192	-0.535303	0.026903	-15.265390	-64.082094	13.245780
51811		8.817059	-1.087440	4.061995	0.064318	0.036901	-0.044506	-0.008996	-0.016693	0.009103	-0.739746	0.028320	-0.847412	0.088168	-0.010869	0.040628	0.842624	-0.051246	-0.535382	0.026923	-15.285754	-64.091311	13.263334
51812		8.861235	-1.081900	4.019805	0.119235	0.044879	-0.023173	-0.010346	-0.020686	0.011077	-0.739746	0.031250	-0.843018	0.088609	-0.010812	0.040208	0.842558	-0.051242	-0.535483	0.026984	-15.300329	-64.103625	13.283325
51813		8.971126	-1.099272	4.000463	0.181335	0.038947	0.069560	-0.009703	-0.014159	0.012587	-0.742676	0.038574	-0.835938	0.089709	-0.010985	0.040012	0.842510	-0.051309	-0.535550	0.027016	-15.324279	-64.110912	13.304426
51814		9.004263	-1.080393	4.082003	0.116832	0.068472	0.131578	-0.010791	-0.012279	0.009481	-0.737793	0.029785	-0.841797	0.090041	-0.010797	0.040826	0.842378	-0.051576	-0.535741	0.026846	-15.374017	-64.134927	13.317923
51815		9.092299	-1.111975	4.111320	0.126090	0.048839	0.226787	-0.017238	-0.006459	0.005243	-0.744873	0.031494	-0.844482	0.090922	-0.011114	0.041117	0.842349	-0.051657	-0.535780	0.026825	-15.391616	-64.139104	13.327122
51816		9.101092	-1.112246	4.165016	0.079453	0.052804	0.257329	-0.014353	0.006638	0.004372	-0.737305	0.028564	-0.848145	0.091013	-0.011117	0.041648	0.842319	-0.051649	-0.535826	0.026848	-15.396296	-64.144973	13.334331
51817		9.056837	-1.097706	4.150543	0.074475	0.062508	0.209728	-0.017621	0.012285	-0.004940	-0.743408	0.034668	-0.840576	0.090571	-0.010976	0.041501	0.842342	-0.051706	-0.535789	0.026778	-15.396615	-64.140364	13.324101
51818		9.020847	-1.059850	4.134974	0.074520	0.095170	0.166409	-0.021164	0.021628	-0.009612	-0.748535	0.038330	-0.847656	0.090212	-0.010598	0.041341	0.842379	-0.051729	-0.535732	0.026691	-15.385888	-64.134083	13.304189
51819		8.978019	-1.017605	4.143220	0.051267	0.133156	0.126440	-0.024047	0.027924	-0.012336	-0.740234	0.035156	-0.845703	0.089785	-0.010177	0.041421	0.842443	-0.051795	-0.535631	0.026569	-15.376563	-64.121963	13.279153
51820		8.850653	-1.047211	4.166614	-0.023868	0.093864	0.025097	-0.022033	0.028866	-0.012362	-0.733154	0.025146	-0.843994	0.088512	-0.010473	0.041655	0.842461	-0.052050	-0.535592	0.026307	-15.394222	-64.117572	13.253893
51821		8.793454	-1.108714	4.112456	0.002290	0.023574	-0.042026	-0.018249	0.025138	-0.010052	-0.745361	0.029541	-0.849365	0.087939	-0.011088	0.041115	0.842518	-0.052097	-0.535502	0.026211	-15.385128	-64.106664	13.232755
51822		8.720203	-1.081589	4.114776	-0.027959	0.040443	-0.110072	-0.010453	0.023310	-0.007785	-0.734863	0.035645	-0.845947	0.087206	-0.010817	0.041138	0.842592	-0.051826	-0.535404	0.026358	-15.338304	-64.095405	13.220668
51823		8.658463	-1.112020	4.104923	-0.043727	0.003312	-0.166235	-0.008501	0.023747	-0.002372	-0.737061	0.029297	-0.845703	0.086589	-0.011119	0.041039	0.842648	-0.051853	-0.535316	0.026321	-15.332751	-64.084091	13.209735
51824		8.671158	-1.142618	4.115737	-0.045551	-0.025313	-0.146709	-0.002271	0.012567	0.001510	-0.741699	0.033936	-0.841309	0.086714	-0.011425	0.041152	0.842715	-0.051862	-0.535210	0.026299	-15.323971	-64.070305	13.198355
51825		8.709681	-1.104743	4.120693	-0.032605	0.016553	-0.114349	0.003303	0.004431	0.003444	-0.742188	0.030273	-0.842285	0.087098	-0.011047	0.041205	0.842721	-0.051852	-0.535200	0.026322	-15.324277	-64.068765	13.201454
51826		8.711240	-1.078005	4.142790	-0.054307	0.044375	-0.106731	0.001937	0.010006	0.004980	-0.743896	0.032959	-0.849121	0.087115	-0.010778	0.041423	0.842654	-0.051832	-0.535307	0.026342	-15.330350	-64.082744	13.210876
51827		8.739397	-1.090177	4.127899	-0.028495	0.034546	-0.086276	0.004819	0.003709	0.007704	-0.739990	0.038818	-0.851563	0.087395	-0.010899	0.041277	0.842658	-0.051827	-0.535299	0.026388	-15.334869	-64.080999	13.219632
51828		8.737419	-1.117710	4.106473	-0.010331	0.007366	-0.093905	0.005262	-0.004697	0.009294	-0.737549	0.034668	-0.839355	0.087374	-0.011174	0.041066	0.842643	-0.051948	-0.535313	0.026360	-15.358631	-64.081450	13.230939
51829		8.804915	-1.092134	4.094795	0.028648	0.039478	-0.041082	0.005233	-0.004952	0.012012	-0.741211	0.031006	-0.849609	0.088049	-0.010917	0.040950	0.842623	-0.051952	-0.535341	0.026427	-15.370552	-64.083829	13.248153
51830		8.782855	-1.085322	4.087280	0.025241	0.044172	-0.064881	0.007232	0.005562	0.011554	-0.736816	0.033203	-0.839355	0.087830	-0.010850	0.040870	0.842610	-0.051952	-0.535358	0.026475	-15.378425	-64.085306	13.259930
51831		8.833866	-0.970942	4.133026	0.007005	0.166013	-0.012982	0.012182	0.000721	0.008820	-0.750977	0.035645	-0.846436	0.088339	-0.009708	0.041329	0.842607	-0.051919	-0.535362	0.026545	-15.380969	-64.085045	13.271143
51832		8.862242	-0.961482	4.061467	0.079678	0.175326	-0.018698	-0.010371	-0.011121	0.010620	-0.737549	0.031738	-0.849121	0.088621	-0.009608	0.040620	0.842469	-0.052057	-0.535568	0.026503	-15.420614	-64.110803	13.295862
51833		8.889007	-1.001353	4.023840	0.123744	0.137212	-0.005837	-0.005651	-0.002193	0.006655	-0.741211	0.025879	-0.845459	0.088890	-0.010009	0.040240	0.842454	-0.052093	-0.535588	0.026518	-15.431882	-64.112521	13.305396
51834		8.874055	-1.043026	4.104262	0.044633	0.098049	0.019408	-0.010137	0.004062	0.007825	-0.741211	0.036133	-0.843506	0.088742	-0.010425	0.041041	0.842473	-0.051927	-0.535565	0.026692	-15.417237	-64.109021	13.319000
51835		8.851909	-1.036573	4.096855	0.042039	0.102867	-0.004392	-0.012144	0.003114	0.007846	-0.733643	0.035645	-0.840576	0.088520	-0.010360	0.040968	0.842471	-0.051994	-0.535563	0.026693	-15.431850	-64.107622	13.328164
51836		8.904061	-1.030203	4.110474	0.051176	0.117411	0.047496	-0.014151	0.002165	0.007867	-0.738037	0.034424	-0.848633	0.089041	-0.010296	0.041105	0.842448	-0.052234	-0.535583	0.026526	-15.463565	-64.109622	13.326008
51837		8.912413	-1.008581	4.108828	0.056330	0.140752	0.051785	-0.012575	0.001952	0.006690	-0.736572	0.030273	-0.845703	0.089125	-0.010080	0.041088	0.842442	-0.052299	-0.535586	0.026521	-15.477512	-64.109046	13.334123
51838		8.936053	-0.990421	4.138028	0.041631	0.163366	0.083212	-0.019931	0.004938	0.005571	-0.726318	0.035400	-0.848389	0.089362	-0.009898	0.041379	0.842484	-0.052334	-0.535517	0.026521	-15.479865	-64.099341	13.333588
51839		8.935792	-0.991707	4.138285	0.041381	0.163285	0.083215	-0.021475	0.005403	0.004029	-0.740967	0.033447	-0.843750	0.089359	-0.009911	0.041381	0.842486	-0.052430	-0.535507	0.026480	-15.494765	-64.097247	13.337105
51840		8.926949	-1.015787	4.140365	0.038369	0.139824	0.078917	-0.023700	0.008656	0.003254	-0.736572	0.030029	-0.846680	0.089271	-0.010152	0.041401	0.842569	-0.052582	-0.535367	0.026360	-15.501605	-64.078644	13.321232
51841		8.922581	-1.070887	4.098252	0.074693	0.083187	0.063669	-0.019901	0.014753	0.002419	-0.735596	0.035645	-0.846191	0.089229	-0.010704	0.040977	0.842597	-0.052668	-0.535317	0.026314	-15.510808	-64.071602	13.319410
51842		8.893382	-1.060086	4.115043	0.049944	0.092082	0.043206	-0.025215	0.018941	-0.001439	-0.736572	0.036865	-0.847900	0.088938	-0.010596	0.041143	0.842677	-0.052706	-0.535189	0.026260	-15.502380	-64.055160	13.303284
51843		8.892801	-1.061062	4.116048	0.049705	0.092000	0.043208	-0.028327	0.010051	-0.001379	-0.732422	0.034668	-0.844971	0.088930	-0.010605	0.041158	0.842690	-0.052817	-0.535162	0.026177	-15.513552	-64.051279	13.298293
51844		8.929459	-1.050865	4.099434	0.082858	0.105834	0.067943	-0.020510	0.008481	-0.001821	-0.738281	0.038086	-0.847656	0.089296	-0.010505	0.040992	0.842756	-0.052962	-0.535051	0.026033	-15.517911	-64.037102	13.278548
51845		8.847889	-1.025107	4.046869	0.096901	0.120502	-0.030600	-0.018504	0.018991	-0.002269	-0.743408	0.033936	-0.849854	0.088483	-0.010248	0.040461	0.842796	-0.053030	-0.534985	0.025970	-15.519630	-64.028397	13.269288
51846		8.854029	-1.052050	4.080514	0.069704	0.097146	-0.007743	-0.020291	0.013837	-0.001461	-0.730957	0.034424	-0.843506	0.088543	-0.010517	0.040800	0.842816	-0.053133	-0.534947	0.025886	-15.528011	-64.023424	13.262076
51847		8.847065	-1.048399	4.104304	0.045779	0.101929	-0.004399	-0.016675	0.005271	-0.004945	-0.738770	0.031006	-0.841797	0.088471	-0.010483	0.041042	0.842820	-0.053185	-0.534939	0.025820	-15.529979	-64.022707	13.254247
51848		8.873464	-1.087408	4.067644	0.090005	0.062643	0.008439	-0.011147	0.006442	-0.000722	-0.743164	0.033936	-0.847900	0.088736	-0.010872	0.040674	0.842833	-0.053136	-0.534923	0.025817	-15.517485	-64.021419	13.245597
51849		8.859896	-1.079656	4.114545	0.042389	0.072279	0.015124	-0.011394	0.010384	0.001204	-0.732178	0.030518	-0.840820	0.088601	-0.010794	0.041141	0.842851	-0.053182	-0.534891	0.025790	-15.521752	-64.016937	13.243715
51850		8.813925	-1.091501	4.078314	0.055245	0.052335	-0.040098	0.002470	0.002367	-0.001578	-0.731689	0.034668	-0.847656	0.088140	-0.010916	0.040782	0.842840	-0.053027	-0.534921	0.025867	-15.500472	-64.021943	13.241795
51851		8.815855	-1.086684	4.155661	-0.013718	0.061894	-0.006277	-0.003335	0.004878	-0.001160	-0.736084	0.032715	-0.848877	0.088160	-0.010867	0.041555	0.842846	-0.053033	-0.534912	0.025853	-15.499140	-64.020872	13.238851
51852		8.798488	-1.110094	4.103772	0.028219	0.032770	-0.041056	-0.000216	0.004202	-0.000791	-0.745850	0.032471	-0.841309	0.087986	-0.011101	0.041036	0.842921	-0.052960	-0.534799	0.025877	-15.478024	-64.006720	13.225723
51853		8.767950	-1.125210	4.098054	0.020237	0.014176	-0.069152	0.005557	0.001431	0.001508	-0.739014	0.033691	-0.837158	0.087680	-0.011253	0.040980	0.842920	-0.052934	-0.534802	0.025899	-15.475663	-64.007115	13.227314
51854		8.761333	-1.120938	4.121237	-0.008243	0.017992	-0.065808	0.010899	-0.002498	0.002650	-0.746338	0.029541	-0.850342	0.087613	-0.011210	0.041213	0.842785	-0.052814	-0.535023	0.025967	-15.474452	-64.036907	13.241901
51855		8.768114	-1.124823	4.097808	0.015216	0.013060	-0.069142	0.014234	-0.007378	0.003810	-0.739258	0.026367	-0.844971	0.087680	-0.011249	0.040981	0.842762	-0.052757	-0.535062	0.026024	-15.472502	-64.041873	13.249499
51856		8.783583	-1.128331	4.128185	-0.007578	0.009998	-0.042006	0.011950	-0.004644	0.008470	-0.722656	0.029297	-0.854492	0.087835	-0.011282	0.041283	0.842710	-0.052376	-0.535166	0.026362	-15.442099	-64.055365	13.278922
51857		8.774070	-1.043868	4.161837	-0.041449	0.094731	-0.046206	0.018034	-0.001281	0.002980	-0.734863	0.032715	-0.851318	0.087741	-0.010441	0.041618	0.842704	-0.052301	-0.535179	0.026425	-15.435043	-64.057115	13.283335
51858		8.770527	-1.120085	4.174105	-0.048779	0.017911	-0.035306	0.005900	-0.007750	0.011241	-0.739014	0.030273	-0.847656	0.087704	-0.011197	0.041744	0.842859	-0.052109	-0.534943	0.026649	-15.405905	-64.025001	13.288644
51859		8.821293	-1.117748	4.109451	0.029822	0.021881	-0.017240	0.012417	-0.022355	0.007763	-0.734619	0.029541	-0.839600	0.088209	-0.011177	0.041104	0.842795	-0.052067	-0.535044	0.026722	-15.413983	-64.037586	13.306345
51860		8.894336	-1.145057	4.107518	0.060243	0.000358	0.050803	0.007509	-0.017267	0.007776	-0.740967	0.034180	-0.841553	0.088940	-0.011449	0.041082	0.842740	-0.051874	-0.535141	0.026877	-15.399528	-64.050640	13.320886
51861		8.881240	-1.115024	4.097525	0.063007	0.028605	0.031327	0.008158	-0.001185	0.008867	-0.733154	0.024902	-0.840332	0.088813	-0.011148	0.040975	0.842732	-0.051855	-0.535153	0.026938	-15.404640	-64.051371	13.332613
51862		8.908993	-1.042191	4.169355	0.009070	0.106346	0.078139	0.006397	-0.006078	0.006961	-0.739746	0.034424	-0.841309	0.089089	-0.010420	0.041696	0.842684	-0.051683	-0.535238	0.027053	-15.388513	-64.063284	13.340448
51863		8.872143	-1.053796	4.186010	-0.022573	0.092534	0.053367	0.001241	-0.006606	0.009329	-0.745850	0.032227	-0.843994	0.088721	-0.010534	0.041863	0.842660	-0.051694	-0.535274	0.027099	-15.399768	-64.066957	13.354639
51864		8.920815	-1.100833	4.156003	0.021141	0.049070	0.089953	-0.002282	-0.006827	0.005089	-0.735840	0.035156	-0.840332	0.089207	-0.011006	0.041563	0.842559	-0.051698	-0.535433	0.027088	-15.410764	-64.088053	13.364503
51865		8.951304	-1.086554	4.161609	0.028602	0.067454	0.118076	-0.004810	-0.000145	0.011675	-0.740723	0.032959	-0.844482	0.089514	-0.010859	0.041616	0.842549	-0.051741	-0.535442	0.027126	-15.426150	-64.087834	13.379435
51866		8.942792	-1.110271	4.162977	0.022159	0.043725	0.113752	-0.003394	-0.005200	0.004702	-0.738281	0.034424	-0.846680	0.089427	-0.011100	0.041632	0.842506	-0.051785	-0.535507	0.027082	-15.434581	-64.096591	13.380558
51867		8.988272	-1.077185	4.144123	0.058667	0.080737	0.142872	-0.006109	0.005943	0.007780	-0.735596	0.033203	-0.844971	0.089884	-0.010767	0.041439	0.842513	-0.051825	-0.535492	0.027099	-15.444375	-64.093611	13.388445
51868		8.957418	-1.093199	4.138845	0.051741	0.061810	0.114747	-0.009415	0.011085	0.003904	-0.741699	0.040039	-0.845703	0.089577	-0.010928	0.041384	0.842561	-0.051845	-0.535414	0.027096	-15.442726	-64.083133	13.384886
51869		8.913125	-1.078559	4.124513	0.046803	0.071568	0.067160	-0.007840	0.010874	0.002729	-0.734863	0.041748	-0.841553	0.089134	-0.010783	0.041241	0.842582	-0.051879	-0.535379	0.027086	-15.446205	-64.078189	13.384652
51870		8.904007	-1.101580	4.127357	0.040515	0.050178	0.062824	-0.003982	0.017490	-0.003534	-0.735840	0.032471	-0.837891	0.089043	-0.011017	0.041266	0.842606	-0.052175	-0.535327	0.026799	-15.468706	-64.071824	13.358661
51871		8.842496	-1.131746	4.116829	0.024865	0.013092	0.006583	0.001795	0.014713	-0.001238	-0.739746	0.035889	-0.840332	0.088428	-0.011318	0.041162	0.842640	-0.052158	-0.535276	0.026797	-15.461018	-64.065369	13.352086
51872		8.804976	-1.142618	4.135059	-0.008738	-0.000991	-0.018209	0.003122	0.008883	-0.000060	-0.740723	0.038330	-0.836914	0.088052	-0.011427	0.041346	0.842607	-0.052170	-0.535329	0.026726	-15.457881	-64.073536	13.342144
51873		8.794055	-1.191917	4.116303	0.003997	-0.052752	-0.030191	0.013191	0.013881	-0.002869	-0.742920	0.027832	-0.843506	0.087943	-0.011923	0.041156	0.842642	-0.052101	-0.535281	0.026747	-15.442081	-64.067814	13.333809
51874		8.716574	-1.133177	4.162408	-0.072174	-0.000849	-0.087298	0.015355	0.010107	0.003337	-0.737305	0.031250	-0.843262	0.087168	-0.011334	0.041619	0.842579	-0.052006	-0.535386	0.026790	-15.434628	-64.082375	13.337900
51875		8.663705	-1.140358	4.150020	-0.082437	-0.014506	-0.139226	0.016687	0.013837	0.004086	-0.732910	0.033447	-0.846924	0.086640	-0.011405	0.041493	0.842614	-0.051941	-0.535335	0.026850	-15.424748	-64.075655	13.338387
51876		8.619565	-1.124932	4.135526	-0.086171	-0.005523	-0.186811	0.018412	-0.000654	0.009569	-0.742188	0.034180	-0.834961	0.086196	-0.011249	0.041355	0.842642	-0.051814	-0.535297	0.026972	-15.410755	-64.070410	13.345048
51877		8.634849	-1.128584	4.166238	-0.107784	-0.005759	-0.159698	0.021718	-0.005797	0.013447	-0.737793	0.029541	-0.845215	0.086348	-0.011285	0.041664	0.842623	-0.051750	-0.535326	0.027090	-15.414751	-64.073098	13.364185
51878		8.608390	-1.067911	4.147098	-0.104416	0.050001	-0.198644	0.022613	-0.012787	0.013471	-0.738770	0.033203	-0.843018	0.086082	-0.010678	0.041475	0.842520	-0.051629	-0.535495	0.027213	-15.417001	-64.094991	13.386877
51879		8.661214	-1.060939	4.159540	-0.094658	0.063435	-0.146716	0.017208	-0.018932	0.018193	-0.735596	0.030518	-0.841064	0.086609	-0.010605	0.041603	0.842464	-0.051595	-0.535579	0.027342	-15.433118	-64.104240	13.416627
51880		8.736183	-1.061860	4.179019	-0.083047	0.071166	-0.070989	0.015013	-0.024984	0.015133	-0.737549	0.039795	-0.847656	0.087357	-0.010615	0.041800	0.842381	-0.051510	-0.535712	0.027462	-15.440450	-64.120983	13.440995
51881		8.796080	-1.059384	4.167236	-0.049594	0.079789	-0.022368	0.015204	-0.029450	0.018641	-0.745117	0.023926	-0.847412	0.087956	-0.010589	0.041685	0.842297	-0.051484	-0.535840	0.027590	-15.461562	-64.135974	13.475028
51882		8.899772	-1.050299	4.114675	0.038996	0.096529	0.047778	0.010322	-0.033664	0.016369	-0.734863	0.035645	-0.836426	0.088992	-0.010498	0.041161	0.842200	-0.051367	-0.535992	0.027789	-15.474034	-64.154235	13.513860
51883		8.973258	-1.078546	4.111455	0.069420	0.076790	0.115855	0.003651	-0.033462	0.014479	-0.744629	0.029297	-0.845703	0.089726	-0.010780	0.041129	0.842103	-0.051378	-0.536140	0.027871	-15.498333	-64.172070	13.544087
51884		9.019808	-1.046019	4.090140	0.104772	0.113250	0.145050	-0.000140	-0.020428	0.014446	-0.739746	0.037354	-0.844238	0.090195	-0.010454	0.040911	0.842011	-0.051385	-0.536282	0.027921	-15.517281	-64.189670	13.566733
51885		9.026873	-1.051333	4.065614	0.128223	0.108341	0.141747	-0.001656	-0.010132	0.009756	-0.749268	0.028809	-0.843750	0.090267	-0.010509	0.040661	0.841975	-0.051408	-0.536333	0.027963	-15.531884	-64.195355	13.582813
51886		8.968046	-1.055549	4.074773	0.092569	0.099096	0.093141	-0.006321	0.000591	0.007418	-0.738525	0.038574	-0.844238	0.089681	-0.010551	0.040748	0.841921	-0.051405	-0.536417	0.028006	-15.543194	-64.205595	13.598063
51887		8.944177	-1.097719	4.101452	0.057920	0.056927	0.087747	-0.001841	0.003899	0.005814	-0.740479	0.042725	-0.843018	0.089443	-0.010974	0.041013	0.841923	-0.051420	-0.536410	0.028026	-15.548956	-64.204159	13.604210
51888		8.965696	-1.083969	4.053706	0.110377	0.072638	0.085483	-0.005859	0.002008	0.005856	-0.741211	0.028320	-0.845215	0.089658	-0.010836	0.040536	0.841922	-0.051746	-0.536394	0.027771	-15.584810	-64.201497	13.591700
51889		8.972197	-1.110780	4.086556	0.083363	0.048975	0.108237	-0.002030	0.008363	0.002305	-0.742920	0.038086	-0.839844	0.089724	-0.011106	0.040862	0.841936	-0.051754	-0.536370	0.027774	-15.585309	-64.198131	13.591820
51890		8.951902	-1.076334	4.101239	0.061297	0.081570	0.092099	0.001989	0.010253	0.002263	-0.734863	0.036865	-0.847900	0.089521	-0.010763	0.041008	0.841926	-0.051708	-0.536389	0.027803	-15.580319	-64.200797	13.593090
51891		8.962750	-1.133750	4.090111	0.076343	0.024867	0.103906	-0.000644	0.012614	-0.002380	-0.742188	0.033203	-0.850098	0.089630	-0.011338	0.040895	0.841954	-0.051698	-0.536348	0.027790	-15.573320	-64.195821	13.585771
51892		8.966083	-1.057412	4.078609	0.092042	0.100076	0.093136	0.004487	0.012874	-0.002036	-0.739258	0.030518	-0.853516	0.089663	-0.010576	0.040780	0.842042	-0.051679	-0.536211	0.027786	-15.558353	-64.178070	13.572084
51893		8.933037	-1.099160	4.052609	0.102474	0.053263	0.057348	0.005821	0.016605	-0.001289	-0.745117	0.029053	-0.846436	0.089334	-0.010993	0.040518	0.842082	-0.051645	-0.536151	0.027794	-15.547629	-64.170695	13.564732
51894		8.954302	-1.106225	4.061770	0.105651	0.046715	0.081143	0.010544	0.015966	-0.004815	-0.738525	0.038330	-0.847900	0.089546	-0.011067	0.040610	0.842149	-0.051365	-0.536063	0.027996	-15.506717	-64.159830	13.563904
51895		8.864010	-1.101855	4.011669	0.114510	0.038179	-0.021688	0.011176	0.022224	-0.000586	-0.738281	0.036133	-0.842041	0.088645	-0.011021	0.040106	0.842204	-0.051311	-0.535979	0.028019	-15.491921	-64.149232	13.555473
51896		8.819500	-1.108179	4.054019	0.059611	0.030122	-0.043233	0.010716	0.020805	0.000974	-0.735840	0.030518	-0.838135	0.088199	-0.011084	0.040530	0.842270	-0.051408	-0.535872	0.027914	-15.490978	-64.135478	13.537639
51897		8.793063	-1.154070	4.004908	0.093767	-0.021487	-0.082329	0.014505	0.007770	0.001010	-0.733887	0.031250	-0.837646	0.087932	-0.011543	0.040045	0.842288	-0.051343	-0.535848	0.027956	-15.480691	-64.132609	13.536306
51898		8.777431	-1.150424	3.974951	0.114464	-0.022386	-0.109420	0.017545	0.006309	0.009524	-0.736328	0.039795	-0.840576	0.087776	-0.011504	0.039746	0.842291	-0.051245	-0.535849	0.028020	-15.467918	-64.133144	13.536879
51899		8.770446	-1.146157	3.998950	0.090507	-0.017697	-0.106118	0.021595	0.008453	0.006765	-0.739258	0.030518	-0.837891	0.087707	-0.011463	0.039985	0.842312	-0.051166	-0.535820	0.028105	-15.459889	-64.129026	13.542587
51900		8.758667	-1.088585	4.012065	0.073624	0.039216	-0.117896	0.022005	0.009350	0.010633	-0.743164	0.033203	-0.844727	0.087589	-0.010886	0.040115	0.842301	-0.051215	-0.535834	0.028063	-15.466040	-64.130817	13.541128
51901		8.727700	-1.081844	3.951366	0.116180	0.039387	-0.172077	0.017087	0.004887	0.011083	-0.744629	0.033691	-0.845459	0.087279	-0.010817	0.039511	0.842310	-0.051166	-0.535819	0.028156	-15.466656	-64.128022	13.553553
51902		8.699068	-1.092383	4.022873	0.037786	0.030241	-0.166535	0.015725	0.000898	0.013054	-0.737549	0.029053	-0.845215	0.086992	-0.010921	0.040227	0.842262	-0.051123	-0.535895	0.028256	-15.476291	-64.136820	13.575162
51903		8.707605	-1.070091	4.021138	0.042886	0.053549	-0.162179	0.011943	-0.004934	0.011178	-0.740479	0.028320	-0.844727	0.087076	-0.010698	0.040213	0.842243	-0.051094	-0.535923	0.028338	-15.483074	-64.139453	13.591162
51904		8.751812	-1.086015	4.035304	0.047519	0.042126	-0.114580	0.008795	-0.023373	0.011696	-0.743896	0.038330	-0.838135	0.087514	-0.010857	0.040363	0.842181	-0.050909	-0.536027	0.028545	-15.478242	-64.152403	13.619017
51905		8.779114	-1.147624	4.052265	0.041179	-0.014736	-0.075706	0.005463	-0.018486	0.010530	-0.734863	0.039551	-0.841309	0.087788	-0.011473	0.040530	0.842124	-0.050903	-0.536113	0.028611	-15.492252	-64.162617	13.638953
51906		8.851335	-1.068388	4.082113	0.041560	0.075382	-0.007392	0.001442	-0.020373	0.010572	-0.742920	0.035156	-0.837646	0.088510	-0.010679	0.040830	0.842022	-0.051190	-0.536258	0.028394	-15.536704	-64.181076	13.641621
51907		8.882542	-1.054037	4.086245	0.048949	0.093735	0.020764	0.001471	-0.020118	0.007856	-0.740479	0.035400	-0.839355	0.088822	-0.010537	0.040871	0.841960	-0.051194	-0.536352	0.028438	-15.550571	-64.192607	13.658799
51908		8.913867	-1.039907	4.090062	0.053917	0.112609	0.048927	-0.012169	-0.025561	0.009162	-0.742188	0.037354	-0.843506	0.089134	-0.010392	0.040913	0.841816	-0.051367	-0.536567	0.028331	-15.590255	-64.220077	13.675334
51909		8.965009	-1.061008	4.080036	0.081923	0.097773	0.093247	-0.019761	-0.018612	0.009961	-0.738281	0.032471	-0.835693	0.089647	-0.010602	0.040810	0.841753	-0.051467	-0.536658	0.028326	-15.618297	-64.230472	13.694718
51910		8.974090	-1.039696	4.076878	0.085819	0.121369	0.097616	-0.018148	-0.009004	0.005630	-0.747070	0.032959	-0.835938	0.089739	-0.010391	0.040774	0.841685	-0.051629	-0.536754	0.028208	-15.645332	-64.242714	13.698524
51911		8.957206	-1.086899	4.079182	0.074809	0.074431	0.088903	-0.033570	-0.010032	0.007315	-0.741943	0.034424	-0.840332	0.089570	-0.010859	0.040798	0.841641	-0.051781	-0.536811	0.028153	-15.675564	-64.248789	13.711538
51912		9.021090	-1.116768	4.023545	0.147270	0.049768	0.126729	-0.031754	-0.014198	0.004217	-0.746338	0.031494	-0.835693	0.090208	-0.011159	0.040244	0.841508	-0.051909	-0.537012	0.028084	-15.709638	-64.274387	13.729339
51913		8.997769	-1.159759	4.048638	0.112551	0.007655	0.121276	-0.031962	-0.009997	0.003420	-0.739014	0.042236	-0.843750	0.089976	-0.011590	0.040493	0.841465	-0.052044	-0.537069	0.028017	-15.734524	-64.281075	13.737439
51914		8.982808	-1.179586	4.072673	0.081531	-0.010513	0.120196	-0.022098	-0.000815	-0.000197	-0.743896	0.038086	-0.846680	0.089828	-0.011791	0.040728	0.841407	-0.052230	-0.537151	0.027851	-15.759101	-64.291849	13.732779
51915		8.960775	-1.172985	4.065081	0.078988	-0.005669	0.096399	-0.021022	0.006599	0.005185	-0.739990	0.033203	-0.841309	0.089609	-0.011723	0.040649	0.841411	-0.052326	-0.537137	0.027815	-15.774416	-64.289125	13.737191
51916		8.910187	-1.154822	4.073188	0.050532	0.008980	0.052062	-0.022380	0.002604	0.007151	-0.737549	0.037842	-0.836182	0.089103	-0.011540	0.040732	0.841406	-0.052455	-0.537135	0.027754	-15.794199	-64.287950	13.741150
51917		8.890674	-1.228782	4.055221	0.057844	-0.066199	0.035718	-0.016350	0.005435	0.007088	-0.739258	0.041260	-0.846680	0.088908	-0.012281	0.040551	0.841408	-0.052536	-0.537125	0.027739	-15.809390	-64.285569	13.748389
51918		8.855335	-1.214118	4.094222	0.008218	-0.050690	0.018440	-0.012815	0.005642	0.011321	-0.742432	0.028320	-0.836670	0.088555	-0.012134	0.040940	0.841425	-0.052801	-0.537081	0.027553	-15.839308	-64.279004	13.740705
51919		8.833046	-1.185852	4.031156	0.056221	-0.027172	-0.031314	-0.009943	-0.000670	0.014037	-0.742920	0.038330	-0.848389	0.088331	-0.011850	0.040312	0.841411	-0.052874	-0.537094	0.027586	-15.860783	-64.278891	13.758957
51920		8.834843	-1.160628	4.052689	0.037090	0.000149	-0.023693	-0.011288	0.004903	0.015574	-0.737793	0.031494	-0.841064	0.088350	-0.011597	0.040525	0.841396	-0.052852	-0.537114	0.027705	-15.873675	-64.279673	13.783540
